591 0.24691358024691357 0.2918595679012346 0.11419753086419752 0.030478395061728395
204 0.3212448559670782 0.28896604938271603 0.01954732510288066 0.02854938271604938
593 0.3710133744855967 0.28665123456790126 0.06507201646090535 0.030864197530864196
594 0.27289094650205764 0.3557098765432099 0.16306584362139917 0.04089506172839506
595 0.38515946502057613 0.3462577160493827 0.04861111111111111 0.02970679012345679
596 0.42476851851851855 0.3449074074074074 0.015689300411522635 0.02854938271604938
597 0.44997427983539096 0.3454861111111111 0.020833333333333332 0.025848765432098766
598 0.49189814814814814 0.3412422839506173 0.048096707818930044 0.030478395061728395
599 0.21296296296296297 0.41454475308641975 0.041666666666666664 0.02816358024691358
600 0.29655349794238683 0.41512345679012347 0.1111111111111111 0.040123456790123455
601 0.6287294238683128 0.5609567901234568 0.2456275720164609 0.06635802469135803
602 0.6234567901234568 0.6317515432098766 0.23508230452674897 0.06983024691358025
204 0.5192901234567902 0.7060185185185185 0.01903292181069959 0.027777777777777776
604 0.5947788065843621 0.6984953703703703 0.1154835390946502 0.03819444444444445
605 0.5465534979423868 0.7472993827160493 0.0720164609053498 0.033179012345679014
606 0.6385030864197531 0.7386188271604939 0.09542181069958848 0.03587962962962963