102 0.3746875 0.55375 0.286875 0.19416666666666665
103 0.8878125 0.5295833333333333 0.199375 0.20583333333333334
104 0.18 0.8204166666666667 0.11625 0.035833333333333335
105 0.2625 0.81875 0.03375 0.029166666666666667
106 0.345625 0.8195833333333333 0.11875 0.030833333333333334
65 0.4390625 0.8195833333333333 0.050625 0.030833333333333334
108 0.515625 0.8225 0.085 0.03833333333333333
1 0.576875 0.82375 0.015 0.019166666666666665
110 0.6096875 0.8233333333333334 0.039375 0.02
111 0.6503125 0.8275 0.033125 0.018333333333333333
112 0.6875 0.8225 0.0325 0.018333333333333333
113 0.71875 0.8245833333333333 0.0175 0.014166666666666666
108 0.7609375 0.8241666666666667 0.054375 0.025
115 0.8225 0.8241666666666667 0.05125 0.025
116 0.8678125 0.8216666666666667 0.026875 0.02
117 0.9003125 0.8204166666666667 0.023125 0.019166666666666665
3 0.930625 0.8191666666666667 0.0275 0.02
119 0.97 0.8220833333333334 0.04125 0.020833333333333332
120 0.0634375 0.8225 0.059375 0.021666666666666667
121 0.0940625 0.81 0.006875 0.005