190 0.5453960905349794 0.20968364197530864 0.12217078189300412 0.08063271604938271
90 0.42836934156378603 0.28260030864197533 0.0763888888888889 0.02662037037037037
91 0.5173611111111112 0.28800154320987653 0.08924897119341564 0.02353395061728395
92 0.5825617283950617 0.2943672839506173 0.030349794238683128 0.023148148148148147
194 0.442772633744856 0.5393518518518519 0.028034979423868314 0.027777777777777776
195 0.49704218106995884 0.5412808641975309 0.05787037037037037 0.02854938271604938
196 0.5706018518518519 0.543016975308642 0.0727880658436214 0.02970679012345679
197 0.37680041152263377 0.6356095679012346 0.08333333333333333 0.01890432098765432
198 0.4549897119341564 0.6390817901234568 0.06018518518518518 0.022762345679012346
3 0.5036008230452675 0.6371527777777778 0.02417695473251029 0.017361111111111112
200 0.5381944444444444 0.6373456790123457 0.03009259259259259 0.017746913580246913
201 0.5833333333333334 0.6404320987654321 0.045781893004115226 0.022376543209876542