288 0.0753125 0.04375 0.054375 0.0725
289 0.1296875 0.04875 0.020625 0.05416666666666667
290 0.1815625 0.04125 0.054375 0.07083333333333333
291 0.540625 0.034583333333333334 0.035 0.06916666666666667
292 0.425 0.4066666666666667 0.63 0.14833333333333334
293 0.3084375 0.5829166666666666 0.381875 0.13916666666666666
294 0.6815625 0.5795833333333333 0.269375 0.1425
295 0.19625 0.7666666666666667 0.1375 0.10666666666666667
113 0.3471875 0.77875 0.095625 0.08083333333333333
297 0.45 0.77875 0.04125 0.08083333333333333
298 0.5721875 0.7645833333333333 0.131875 0.10916666666666666