32 0.49296875 0.36041666666666666 0.5421875 0.1
33 0.3921875 0.48854166666666665 0.584375 0.09375
34 0.8078125 0.4895833333333333 0.15625 0.0875
35 0.2390625 0.6145833333333334 0.115625 0.08333333333333333
36 0.3546875 0.6166666666666667 0.05 0.08333333333333333
37 0.51953125 0.6177083333333333 0.2078125 0.08541666666666667
38 0.73671875 0.625 0.1578125 0.09583333333333334
39 0.36953125 0.7395833333333334 0.2640625 0.0875
40 0.65234375 0.740625 0.1984375 0.08958333333333333
41 0.14453125 0.8354166666666667 0.0953125 0.05416666666666667
39 0.28125 0.8385416666666666 0.11875 0.052083333333333336
43 0.428125 0.8395833333333333 0.125 0.05416666666666667
44 0.6359375 0.8385416666666666 0.23125 0.05625
45 0.83046875 0.8354166666666667 0.0984375 0.05416666666666667