1534 0.24310118265440211 0.478 0.08147174770039421 0.0
1535 0.23981603153745074 0.41 0.09329829172141918 0.02
1536 0.1202365308804205 0.909 0.056504599211563734 0.03
559 0.1616294349540079 0.907 0.013140604467805518 0.038
1537 0.18988173455978974 0.899 0.03810775295663601 0.038
1538 0.24441524310118265 0.896 0.0683311432325887 0.032
5 0.12220762155059132 0.946 0.07095926412614981 0.016
94 0.17871222076215507 0.936 0.04467805519053877 0.02
1539 0.2371879106438896 0.932 0.07752956636005257 0.012
1536 0.545335085413929 0.093 0.11300919842312747 0.022
1540 0.514454664914586 0.163 0.06438896189224705 0.018
1541 0.5788436268068331 0.138 0.06176084099868594 0.012
94 0.49342969776609724 0.237 0.05913272010512484 0.03
1539 0.5834428383705651 0.205 0.09724047306176084 0.018
248 0.5157687253613666 0.304 0.056504599211563734 0.004
1081 0.5676741130091985 0.416 0.23915900131406045 0.024
353 0.5387647831800263 0.521 0.14191852825229961 0.058
6 0.4894875164257556 0.769 0.10906701708278581 0.022
1542 0.8495400788436268 0.859 0.09067017082785808 0.042
6 0.18134034165571616 0.973 0.17871222076215507 0.014
