2175 0.16052227342549924 0.6710261569416499 0.07834101382488479 0.0
2176 0.23732718894009217 0.0875251509054326 0.16129032258064516 0.04627766599597585
2177 0.4431643625192012 0.12625754527162977 0.17357910906298002 0.05130784708249497
1150 0.18049155145929338 0.1790744466800805 0.047619047619047616 0.030181086519114688
2178 0.3632872503840246 0.08450704225352113 0.31797235023041476 0.11066398390342053
2179 0.20583717357910905 0.5241448692152918 0.1443932411674347 0.052313883299798795
2180 0.2012288786482335 0.6106639839034205 0.15053763440860216 0.060362173038229376
2181 0.36482334869431643 0.4582494969818913 0.10906298003072197 0.05130784708249497
2182 0.49846390168970817 0.49295774647887325 0.09370199692780339 0.06639839034205232
6 0.5030721966205837 0.5543259557344065 0.09062980030721966 0.03822937625754527
2183 0.4815668202764977 0.6106639839034205 0.059907834101382486 0.04225352112676056
