6 0.05322265625 0.96875 0.0498046875 0.0
6 0.0302734375 0.7434895833333334 0.05078125 0.0
6 0.07861328125 0.7434895833333334 0.0380859375 0.0
6 0.05224609375 0.7838541666666666 0.0947265625 0.020833333333333332
228 0.2119140625 0.3671875 0.0703125 0.041666666666666664
229 0.31689453125 0.24088541666666666 0.1435546875 0.10416666666666667
230 0.55712890625 0.166015625 0.2958984375 0.01953125
231 0.82421875 0.224609375 0.15234375 0.11588541666666667
6 0.51025390625 0.22526041666666666 0.0947265625 0.020833333333333332
232 0.51123046875 0.2688802083333333 0.1376953125 0.02734375
6 0.80322265625 0.7623697916666666 0.0615234375 0.06901041666666667
