862 0.38359375 0.48194444444444445 0.153125 0.04722222222222222
863 0.24921875 0.8111111111111111 0.0625 0.19444444444444445
864 0.228125 0.5944444444444444 0.0140625 0.12222222222222222
865 0.278125 0.39444444444444443 0.0859375 0.17777777777777778
866 0.3671875 0.24861111111111112 0.0765625 0.075
867 0.4625 0.18194444444444444 0.0921875 0.019444444444444445
868 0.59921875 0.22361111111111112 0.1375 0.10833333333333334
865 0.70078125 0.41944444444444445 0.021875 0.2222222222222222
869 0.60546875 0.7722222222222223 0.053125 0.09444444444444444
870 0.6625 0.6194444444444445 0.0421875 0.16111111111111112
871 0.265625 0.7055555555555556 0.0265625 0.18888888888888888
872 0.29296875 0.4375 0.071875 0.1638888888888889
873 0.39296875 0.2763888888888889 0.096875 0.08611111111111111
865 0.5359375 0.225 0.1203125 0.03888888888888889
874 0.6421875 0.3458333333333333 0.0671875 0.19722222222222222
875 0.634375 0.5708333333333333 0.0265625 0.18611111111111112
876 0.55390625 0.7680555555555556 0.096875 0.11944444444444445
877 0.45703125 0.28055555555555556 0.084375 0.027777777777777776
878 0.54140625 0.2777777777777778 0.071875 0.03888888888888889
879 0.61796875 0.44166666666666665 0.046875 0.26666666666666666
865 0.56796875 0.6708333333333333 0.0625 0.14166666666666666
880 0.471875 0.7791666666666667 0.0984375 0.04722222222222222
881 0.35703125 0.7444444444444445 0.103125 0.11666666666666667
882 0.45625 0.6055555555555555 0.2328125 0.10555555555555556
