6 0.43984375 0.975 0.0953125 0.0
6 0.1703125 0.05138888888888889 0.1546875 0.030555555555555555
957 0.3171875 0.4625 0.0078125 0.125
958 0.36171875 0.5722222222222222 0.065625 0.05555555555555555
959 0.4453125 0.5430555555555555 0.0734375 0.10833333333333334
28 0.51171875 0.38472222222222224 0.01875 0.13055555555555556
886 0.0828125 0.30694444444444446 0.0703125 0.15833333333333333
960 0.22578125 0.25833333333333336 0.146875 0.13333333333333333
6 0.18203125 0.575 0.034375 0.37777777777777777
6 0.403125 0.39444444444444443 0.0609375 0.2777777777777778
959 0.7609375 0.3611111111111111 0.1921875 0.05555555555555555
28 0.78984375 0.5069444444444444 0.246875 0.08055555555555556
6 0.60859375 0.6208333333333333 0.059375 0.1638888888888889
957 0.1015625 0.9 0.1390625 0.10555555555555556
958 0.29375 0.8875 0.2015625 0.11944444444444445
176 0.57890625 0.8611111111111112 0.215625 0.11666666666666667
961 0.7875 0.8333333333333334 0.1671875 0.12777777777777777
