2328 0.4708333333333333 0.5525451559934319 0.025 0.13628899835796388
2329 0.5532407407407407 0.4302134646962233 0.0787037037037037 0.016420361247947456
2330 0.6277777777777778 0.4909688013136289 0.05185185185185185 0.15435139573070608
1917 0.5476851851851852 0.49589490968801314 0.06574074074074074 0.042692939244663386
1918 0.6083333333333333 0.5213464696223317 0.03888888888888889 0.08702791461412152
1919 0.4986111111111111 0.5755336617405583 0.004629629629629629 0.054187192118226604
1919 0.5171296296296296 0.6371100164203612 0.013888888888888888 0.0361247947454844
1917 0.5555555555555556 0.6732348111658456 0.05185185185185185 0.006568144499178982
1918 0.5981481481481481 0.6338259441707718 0.03148148148148148 0.0755336617405583
2331 0.4787037037037037 0.7832512315270936 0.06481481481481481 0.016420361247947456
2332 0.5277777777777778 0.7766830870279147 0.03333333333333333 0.019704433497536946
2333 0.5592592592592592 0.7692939244663383 0.027777777777777776 0.0180623973727422
2334 0.5875 0.7602627257799671 0.030555555555555555 0.013136288998357963
118 0.612037037037037 0.7495894909688013 0.016666666666666666 0.0180623973727422
2335 0.649537037037037 0.729064039408867 0.05462962962962963 0.0
1996 0.5537037037037037 0.8415435139573071 0.053703703703703705 0.024630541871921183
2336 0.6023148148148149 0.8275862068965517 0.032407407407407406 0.03284072249589491
