1741 0.5412541254125413 0.608 0.0891089108910891 0.0
0 0.4207920792079208 0.643 0.013201320132013201 0.05
1042 0.43234323432343236 0.54 0.0594059405940594 0.132
1738 0.5429042904290429 0.465 0.09900990099009901 0.014
34 0.6006600660066007 0.496 0.006600660066006601 0.04
0 0.6287128712871287 0.525 0.006600660066006601 0.058
1700 0.6691419141914191 0.586 0.03135313531353135 0.1
1739 0.6344884488448845 0.681 0.04785478547854786 0.106
6 0.5387788778877888 0.569 0.14686468646864687 0.066
6 0.5470297029702971 0.68 0.09735973597359736 0.052
1670 0.4628712871287129 0.699 0.037953795379537955 0.046
1672 0.5074257425742574 0.74 0.04785478547854786 0.024
34 0.5453795379537953 0.766 0.028052805280528052 0.032
1740 0.5833333333333334 0.745 0.04455445544554455 0.018
1747 0.8688118811881188 0.623 0.18646864686468648 0.058
1365 0.8316831683168316 0.731 0.066006600660066 0.01
309 0.9034653465346535 0.674 0.08745874587458746 0.024
6 0.8514851485148515 0.423 0.0924092409240924 0.054
6 0.8556105610561056 0.531 0.08415841584158416 0.038
