2340 0.5724085365853658 0.3106060606060606 0.18140243902439024 0.0
2341 0.5282012195121951 0.12727272727272726 0.19359756097560976 0.0
2342 0.34527439024390244 0.3484848484848485 0.11128048780487805 0.0
1335 0.6128048780487805 0.3560606060606061 0.08536585365853659 0.0
1894 0.3948170731707317 0.12727272727272726 0.06402439024390244 0.0
2343 0.4649390243902439 0.35454545454545455 0.10365853658536585 0.0
928 0.5449695121951219 0.3575757575757576 0.03201219512195122 0.0
2344 0.26753048780487804 0.12803030303030302 0.07469512195121951 0.025757575757575757
2345 0.3795731707317073 0.0803030303030303 0.13719512195121952 0.01818181818181818
2346 0.6204268292682927 0.09242424242424242 0.3170731707317073 0.04242424242424243
2347 0.3833841463414634 0.325 0.18445121951219512 0.05
