141 0.39118705035971224 0.171 0.24640287769784172 0.014
118 0.552158273381295 0.207 0.050359712230215826 0.078
138 0.4244604316546763 0.277 0.4064748201438849 0.006
142 0.35881294964028776 0.354 0.09532374100719425 0.04
143 0.4847122302158273 0.333 0.10611510791366907 0.018
144 0.3839928057553957 0.559 0.28597122302158273 0.094
118 0.5863309352517986 0.556 0.06474820143884892 0.052
145 0.2868705035971223 0.621 0.16366906474820145 0.074
146 0.44244604316546765 0.627 0.11870503597122302 0.074
147 0.5800359712230215 0.635 0.12769784172661872 0.09
148 0.420863309352518 0.711 0.24820143884892087 0.098
