548 0.4957841483979764 0.55 0.30016863406408095 0.0
549 0.5033726812816189 0.668 0.49409780775716694 0.0
550 0.572512647554806 0.89 0.1399662731871838 0.0
35 0.2790893760539629 0.896 0.07588532883642496 0.0
551 0.3811129848229342 0.822 0.16526138279932545 0.0
552 0.524451939291737 0.82 0.08768971332209106 0.0
553 0.642495784148398 0.812 0.11467116357504216 0.0
554 0.3617200674536256 0.902 0.07588532883642496 0.0
34 0.4258010118043845 0.894 0.03541315345699832 0.0
555 0.47133220910623946 0.902 0.045531197301854974 0.0
556 0.40893760539629004 0.463 0.18718381112984822 0.054
120 0.5944350758853288 0.452 0.12984822934232715 0.024
557 0.8220910623946037 0.107 0.13659359190556492 0.07
558 0.8499156829679595 0.179 0.16863406408094436 0.022
556 0.8583473861720068 0.232 0.14502529510961215 0.032
347 0.863406408094435 0.284 0.06070826306913996 0.028
