6 0.2349290780141844 0.662 0.07624113475177305 0.0
1517 0.24822695035460993 0.088 0.14893617021276595 0.0
921 0.3377659574468085 0.223 0.2783687943262411 0.05
959 0.6205673758865248 0.128 0.22340425531914893 0.084
1518 0.8111702127659575 0.065 0.09397163120567376 0.026
87 0.9228723404255319 0.013 0.11879432624113476 0.014
1519 0.6675531914893617 0.228 0.07624113475177305 0.016
1520 0.5789007092198581 0.259 0.0797872340425532 0.022
1521 0.5159574468085106 0.277 0.0425531914893617 0.026
1522 0.44592198581560283 0.297 0.051418439716312055 0.018
921 0.16666666666666666 0.516 0.0425531914893617 0.132
959 0.27925531914893614 0.548 0.03368794326241135 0.152
1517 0.5629432624113475 0.932 0.299645390070922 0.072
1523 0.8554964539007093 0.908 0.25 0.08
