2185 0.2904191616766467 0.06323337679269883 0.09880239520958084 0.035202086049543675
252 0.4161676646706587 0.04041720990873533 0.11676646706586827 0.01564537157757497
146 0.5247005988023952 0.0469361147327249 0.06437125748502993 0.02346805736636245
127 0.6220059880239521 0.051499348109517604 0.11526946107784432 0.024771838331160364
252 0.19161676646706588 0.19752281616688397 0.3532934131736527 0.1421121251629726
1368 0.6639221556886228 0.18383311603650587 0.5284431137724551 0.15123859191655803
2186 0.3278443113772455 0.3057366362451108 0.12574850299401197 0.03259452411994785
1368 0.4476047904191617 0.30378096479791394 0.08383233532934131 0.028683181225554105
252 0.4251497005988024 0.35267275097783574 0.014970059880239521 0.04041720990873533
314 0.4940119760479042 0.34615384615384615 0.008982035928143712 0.048239895697522815
6 0.6047904191616766 0.3089960886571056 0.1437125748502994 0.01564537157757497
1420 0.33308383233532934 0.4667535853976532 0.15119760479041916 0.09908735332464146
35 0.4723053892215569 0.4530638852672751 0.04640718562874251 0.048239895697522815
2187 0.6040419161676647 0.44784876140808344 0.1601796407185629 0.06910039113428944
6 0.46032934131736525 0.5449804432855281 0.2470059880239521 0.01564537157757497
