1827 0.13727121464226288 0.312 0.18801996672212978 0.032
966 0.36356073211314477 0.366 0.03826955074875208 0.028
1828 0.413477537437604 0.378 0.051580698835274545 0.032
1829 0.4001663893510815 0.431 0.11480865224625623 0.11
6 0.5307820299500832 0.444 0.129783693843594 0.056
53 0.5316139767054908 0.483 0.1314475873544093 0.066
1827 0.6830282861896838 0.44 0.09151414309484193 0.016
1830 0.23460898502495842 0.097 0.08652246256239601 0.094
1831 0.3410981697171381 0.125 0.07986688851913477 0.086
1832 0.4400998336106489 0.167 0.09816971713810316 0.074
608 0.5282861896838602 0.212 0.04492512479201331 0.056
1833 0.5748752079866889 0.208 0.04492512479201331 0.084
743 0.6031613976705491 0.156 0.1447587354409318 0.104
1834 0.45341098169717137 0.095 0.13810316139767054 0.098
6 0.2978369384359401 0.032 0.1464226289517471 0.024
6 0.4509151414309484 0.821 0.056572379367720464 0.014
