6 0.4382716049382716 0.32341269841269843 0.30158730158730157 0.0
6 0.6790123456790124 0.7182539682539683 0.0564373897707231 0.0
4758 0.42592592592592593 0.23859126984126985 0.21693121693121692 0.00496031746031746
6 0.11904761904761904 0.3189484126984127 0.08994708994708994 0.054563492063492064
4759 0.31393298059964725 0.2916666666666667 0.30687830687830686 0.047619047619047616
4760 0.6067019400352733 0.2931547619047619 0.2716049382716049 0.050595238095238096
6 0.13580246913580246 0.5510912698412699 0.16225749559082892 0.04265873015873016
6 0.41358024691358025 0.5758928571428571 0.2204585537918871 0.06845238095238096
6 0.7504409171075838 0.6011904761904762 0.19576719576719576 0.06547619047619048
4761 0.4021164021164021 0.6240079365079365 0.2328042328042328 0.03968253968253968
6 0.4091710758377425 0.6984126984126984 0.2222222222222222 0.04563492063492063
6 0.6199294532627866 0.7743055555555556 0.06525573192239859 0.018849206349206348
