2188 0.48180379746835444 0.7046843177189409 0.09651898734177215 0.0
34 0.7207278481012658 0.4154786150712831 0.058544303797468354 0.0
2189 0.027689873417721517 0.15173116089613034 0.04588607594936709 0.04684317718940937
36 0.06487341772151899 0.15784114052953158 0.015822784810126583 0.05091649694501019
2190 0.16218354430379747 0.15173116089613034 0.15031645569620253 0.07942973523421588
2191 0.2634493670886076 0.2515274949083503 0.09968354430379747 0.002036659877800407
2192 0.49920886075949367 0.2861507128309572 0.34968354430379744 0.12830957230142567
220 0.7761075949367089 0.42973523421588594 0.030063291139240507 0.032586558044806514
482 0.7587025316455697 0.45213849287169044 0.16930379746835442 0.04480651731160896
2193 0.9090189873417721 0.36761710794297353 0.13132911392405064 0.10386965376782077
2194 0.307753164556962 0.43075356415478616 0.03639240506329114 0.09572301425661914
2195 0.4572784810126582 0.5661914460285132 0.05063291139240506 0.06517311608961303
2196 0.2231012658227848 0.37474541751527496 0.06962025316455696 0.09368635437881874
2197 0.3061708860759494 0.47963340122199594 0.061708860759493674 0.059063136456211814
2198 0.4549050632911392 0.5855397148676171 0.055379746835443035 0.02240325865580448
2199 0.15427215189873417 0.34521384928716903 0.07120253164556962 0.12423625254582485
2200 0.23022151898734178 0.46028513238289204 0.061708860759493674 0.07739307535641547
130 0.2935126582278481 0.5254582484725051 0.061708860759493674 0.04480651731160896
2166 0.46281645569620256 0.6171079429735234 0.07436708860759493 0.012219959266802444
2201 0.09968354430379747 0.329938900203666 0.07911392405063292 0.1629327902240326
2202 0.1906645569620253 0.48370672097759676 0.07753164556962025 0.08757637474541752
2203 0.28560126582278483 0.5824847250509165 0.09335443037974683 0.06109979633401222
2204 0.502373417721519 0.6608961303462322 0.13132911392405064 0.002036659877800407
2205 0.6424050632911392 0.6456211812627292 0.10126582278481013 0.032586558044806514
2206 0.08860759493670886 0.42362525458248473 0.09177215189873418 0.1710794297352342
2207 0.189873417721519 0.5692464358452138 0.0949367088607595 0.0835030549898167
1070 0.28955696202531644 0.6517311608961304 0.08860759493670886 0.04480651731160896
2208 0.6068037974683544 0.6955193482688391 0.12183544303797468 0.026476578411405296
2209 0.7412974683544303 0.6415478615071283 0.13132911392405064 0.06924643584521385
2210 0.2674050632911392 0.7566191446028513 0.022151898734177215 0.1079429735234216
2211 0.44145569620253167 0.6802443991853361 0.05063291139240506 0.329938900203666
1581 0.4936708860759494 0.8818737270875764 0.05379746835443038 0.06517311608961303
