1445 0.1469512195121951 0.35319148936170214 0.07682926829268293 0.14042553191489363
1446 0.25365853658536586 0.35425531914893615 0.08536585365853659 0.15106382978723404
1447 0.15609756097560976 0.6021276595744681 0.05609756097560976 0.13191489361702127
1448 0.23109756097560977 0.6085106382978723 0.08414634146341464 0.1276595744680851
1448 0.5201219512195122 0.4319148936170213 0.30609756097560975 0.13191489361702127
1445 0.474390243902439 0.5702127659574469 0.21707317073170732 0.1148936170212766
1449 0.7225609756097561 0.5659574468085107 0.24024390243902438 0.09361702127659574
1450 0.8786585365853659 0.06382978723404255 0.03048780487804878 0.05531914893617021
1451 0.9213414634146342 0.02446808510638298 0.02804878048780488 0.019148936170212766
1452 0.9701219512195122 0.06914893617021277 0.032926829268292684 0.019148936170212766
1453 0.9713414634146341 0.10851063829787234 0.025609756097560974 0.02553191489361702
1454 0.9518292682926829 0.031914893617021274 0.04024390243902439 0.00851063829787234
6 0.9176829268292683 0.1202127659574468 0.042682926829268296 0.014893617021276596
6 0.9658536585365853 0.18829787234042553 0.041463414634146344 0.031914893617021274
