1760 0.619811320754717 0.018 0.10377358490566038 0.0
1761 0.5094339622641509 0.02 0.10566037735849057 0.0
1762 0.7160377358490566 0.02 0.06981132075471698 0.0
6 0.4009433962264151 0.037 0.09622641509433963 0.026
6 0.469811320754717 0.086 0.17358490566037735 0.024
36 0.3650943396226415 0.469 0.009433962264150943 0.038
1763 0.38113207547169814 0.404 0.04150943396226415 0.08
34 0.4358490566037736 0.361 0.052830188679245285 0.006
1754 0.480188679245283 0.31 0.062264150943396226 0.024
612 0.5405660377358491 0.316 0.04716981132075472 0.04
219 0.6084905660377359 0.308 0.062264150943396226 0.024
1764 0.6688679245283019 0.346 0.04339622641509434 0.04
0 0.7113207547169811 0.403 0.033962264150943396 0.066
1765 0.7311320754716981 0.479 0.005660377358490566 0.07
6 0.5150943396226415 0.572 0.2 0.092
