3674 0.519 0.11649016641452345 0.186 0.0
584 0.848 0.6641452344931922 0.048 0.0
6 0.257 0.5658093797276853 0.058 0.0
4856 0.288 0.12783661119515885 0.248 0.049924357034795766
271 0.777 0.5748865355521936 0.134 0.012102874432677761
602 0.908 0.5726172465960666 0.088 0.007564296520423601
959 0.724 0.613464447806354 0.12 0.01361573373676248
3015 0.903 0.6104387291981845 0.198 0.01664145234493192
1873 0.746 0.6762481089258698 0.048 0.009077155824508321
146 0.799 0.6664145234493192 0.038 0.0015128593040847202
1433 0.904 0.6679273827534039 0.044 0.007564296520423601
4857 0.206 0.8940998487140696 0.068 0.16944024205748864
1902 0.543 0.640695915279879 0.094 0.08623298033282904
559 0.761 0.800302571860817 0.034 0.024205748865355523
6 0.547 0.6936459909228442 0.166 0.007564296520423601
