396 0.09166666666666666 0.433984375 0.07222222222222222 0.01171875
397 0.1763888888888889 0.4296875 0.07222222222222222 0.00625
398 0.14166666666666666 0.4578125 0.20555555555555555 0.028125
399 0.16041666666666668 0.502734375 0.18194444444444444 0.04453125
400 0.6361111111111111 0.4265625 0.5111111111111111 0.0921875
6 0.36666666666666664 0.537890625 0.044444444444444446 0.07421875
6 0.7354166666666667 0.498828125 0.14305555555555555 0.02421875
43 0.7027777777777777 0.54296875 0.2111111111111111 0.0140625
401 0.6409722222222223 0.56484375 0.10138888888888889 0.0140625
402 0.7166666666666667 0.562890625 0.05 0.01171875
403 0.7840277777777778 0.558203125 0.0875 0.01171875
