4928 0.6388888888888888 0.07683189655172414 0.22413793103448276 0.09978448275862069
4929 0.5701149425287356 0.09375 0.06896551724137931 0.03620689655172414
4930 0.6789272030651341 0.12424568965517241 0.12643678160919541 0.05495689655172414
6 0.44808429118773946 0.12435344827586207 0.09540229885057472 0.052586206896551725
4931 0.5224137931034483 0.1418103448275862 0.057854406130268196 0.0375
695 0.635632183908046 0.1699353448275862 0.044444444444444446 0.03857758620689655
824 0.7099616858237547 0.1855603448275862 0.09118773946360154 0.04741379310344827
2826 0.5124521072796935 0.1879310344827586 0.2111111111111111 0.09482758620689655
1676 0.6865900383141762 0.23103448275862068 0.11570881226053639 0.08103448275862069
537 0.6254789272030651 0.3103448275862069 0.1 0.0625
4932 0.5944444444444444 0.33469827586206896 0.07318007662835249 0.04870689655172414
176 0.11858237547892721 0.38523706896551724 0.11992337164750957 0.017456896551724138
653 0.210727969348659 0.37898706896551726 0.0421455938697318 0.022629310344827586
4933 0.29042145593869734 0.3714439655172414 0.07739463601532567 0.017456896551724138
1790 0.36590038314176243 0.36724137931034484 0.0421455938697318 0.023706896551724137
6 0.2139846743295019 0.4026939655172414 0.16436781609195403 0.004956896551724138
6 0.5080459770114942 0.5756465517241379 0.0421455938697318 0.16120689655172413
6 0.49808429118773945 0.7891163793103448 0.06206896551724138 0.1959051724137931
