721 0.645 0.8299445471349353 0.114 0.0
2306 0.595 0.9685767097966729 0.086 0.0
2307 0.329 0.9722735674676525 0.078 0.0
2308 0.55 0.9353049907578558 0.092 0.0
6 0.299 0.9390018484288355 0.102 0.0
2044 0.388 0.655268022181146 0.296 0.005545286506469501
1445 0.637 0.6182994454713494 0.186 0.04621072088724584
2309 0.479 0.7707948243992606 0.366 0.04805914972273567
2310 0.454 0.8548983364140481 0.228 0.038817005545286505
2311 0.359 0.911275415896488 0.226 0.029574861367837338
2312 0.413 0.9491682070240296 0.106 0.027726432532347505
2313 0.404 0.9824399260628466 0.052 0.027726432532347505
2314 0.649 0.9482439926062847 0.09 0.029574861367837338
745 0.661 0.866913123844732 0.07 0.025878003696857672
2315 0.534 0.911275415896488 0.096 0.029574861367837338
