1683 0.19583843329253367 0.264 0.12729498164014688 0.0
1684 0.2607099143206854 0.742 0.11260709914320685 0.0
1369 0.7105263157894737 0.634 0.10403916768665851 0.0
1194 0.33598531211750304 0.278 0.0966952264381885 0.0
1685 0.1211750305997552 0.542 0.07343941248470012 0.0
784 0.1835985312117503 0.598 0.10281517747858017 0.0
1686 0.46266829865361075 0.29 0.12974296205630356 0.0
1417 0.16585067319461444 0.738 0.06242350061199511 0.0
6 0.9749082007343941 0.59 0.04039167686658507 0.0
6 0.3935128518971848 0.742 0.0795593635250918 0.0
6 0.16768665850673195 0.051 0.09057527539779682 0.046
6 0.15667074663402691 0.133 0.0587515299877601 0.058
6 0.13708690330477355 0.134 0.0416156670746634 0.132
1687 0.2962056303549572 0.134 0.012239902080783354 0.076
1688 0.3274173806609547 0.055 0.05752753977968176 0.006
1689 0.35495716034271724 0.14 0.014687882496940025 0.084
1690 0.4755201958384333 0.093 0.11383108935128519 0.022
0 0.8910648714810282 0.431 0.18604651162790697 0.234
1691 0.6383108935128519 0.653 0.030599755201958383 0.102
72 0.6370869033047736 0.732 0.028151774785801713 0.056
1692 0.3390452876376989 0.594 0.11260709914320685 0.012
953 0.33353733170134636 0.63 0.06487148102815178 0.028
6 0.48531211750305997 0.784 0.0795593635250918 0.068
1118 0.4204406364749082 0.36 0.05507955936352509 0.032
22 0.4694002447980416 0.371 0.030599755201958383 0.03
1693 0.5091799265605875 0.377 0.03916768665850673 0.042
6 0.4810281517747858 0.668 0.10526315789473684 0.028
