1303 0.8025423728813559 0.248 0.2559322033898305 0.0
1303 0.8864406779661017 0.826 0.07457627118644068 0.0
1304 0.38813559322033897 0.114 0.0711864406779661 0.0
1305 0.16779661016949152 0.562 0.13559322033898305 0.0
1306 0.8220338983050848 0.226 0.2033898305084746 0.0
181 0.888135593220339 0.796 0.06779661016949153 0.0
1307 0.36694915254237287 0.83 0.4288135593220339 0.004
6 0.3559322033898305 0.978 0.10508474576271186 0.028
1308 0.888135593220339 0.359 0.07796610169491526 0.042
181 0.8101694915254237 0.411 0.2033898305084746 0.002
1303 0.7957627118644067 0.519 0.20508474576271185 0.01
1309 0.6864406779661016 0.778 0.08813559322033898 0.072
1310 0.7254237288135593 0.806 0.17627118644067796 0.024
