4876 0.38333333333333336 0.493431855500821 0.10555555555555556 0.06732348111658457
4877 0.49027777777777776 0.5270935960591133 0.10462962962962963 0.0
4878 0.5851851851851851 0.5361247947454844 0.06851851851851852 0.008210180623973728
4879 0.6759259259259259 0.48440065681444994 0.1 0.03940886699507389
1947 0.6203703703703703 0.5747126436781609 0.07037037037037037 0.026272577996715927
20 0.6939814814814815 0.5582922824302134 0.06018518518518518 0.026272577996715927
2977 0.7236111111111111 0.06732348111658457 0.1175925925925926 0.12151067323481117
1376 0.7106481481481481 0.16502463054187191 0.125 0.08045977011494253
6 0.6768518518518518 0.6477832512315271 0.09444444444444444 0.03776683087027915
4880 0.6731481481481482 0.6830870279146142 0.03888888888888889 0.052545155993431854
