4782 0.402 0.3066914498141264 0.112 0.0
6 0.071 0.9646840148698885 0.138 0.0
6 0.33 0.2825278810408922 0.232 0.137546468401487
4582 0.266 0.4479553903345725 0.036 0.10037174721189591
235 0.379 0.5269516728624535 0.17 0.03903345724907063
34 0.507 0.5483271375464684 0.066 0.007434944237918215
1722 0.539 0.45817843866171004 0.03 0.08736059479553904
4783 0.103 0.9358736059479554 0.198 0.05762081784386617
120 0.266 0.9442379182156134 0.072 0.06319702602230483
4784 0.418 0.9637546468401487 0.176 0.06133828996282528
