73 0.4046875 0.309375 0.08020833333333334 0.0
6 0.7463541666666667 0.309375 0.021875 0.0
6 0.715625 0.309375 0.025 0.0
475 0.440625 0.118359375 0.18958333333333333 0.10078125
73 0.7078125 0.032421875 0.340625 0.05546875
476 0.5140625 0.023046875 0.20520833333333333 0.03828125
477 0.8651041666666667 0.082421875 0.05520833333333333 0.00546875
478 0.9197916666666667 0.054296875 0.0625 0.00390625
373 0.9614583333333333 0.030859375 0.03125 0.01328125
477 0.8338541666666667 0.13671875 0.109375 0.01875
479 0.946875 0.083984375 0.09166666666666666 0.00234375
