129 0.3344923504867872 0.73828125 0.15438108484005564 0.0
1164 0.46383866481223923 0.67421875 0.09874826147426982 0.0
1165 0.5709318497913769 0.48984375 0.721835883171071 0.0
34 0.4095966620305981 0.78515625 0.06536856745479833 0.0
377 0.48261474269819193 0.296484375 0.6954102920723226 0.07578125
118 0.8803894297635605 0.346484375 0.013908205841446454 0.13984375
1003 0.5493741307371349 0.623046875 0.35048678720445064 0.07578125
1166 0.6105702364394993 0.691796875 0.0890125173852573 0.03203125
1167 0.4151599443671766 0.721484375 0.1404728789986092 0.03671875
1168 0.6258692628650904 0.73671875 0.20584144645340752 0.04375
730 0.4561891515994437 0.763671875 0.06954102920723226 0.02734375
1095 0.5486787204450626 0.7703125 0.09040333796940195 0.0328125
1169 0.7051460361613352 0.78125 0.1808066759388039 0.040625
0 0.49235048678720444 0.8015625 0.06954102920723226 0.034375
1170 0.6182197496522949 0.808984375 0.13212795549374132 0.03515625
811 0.3337969401947149 0.825 0.15577190542420027 0.0390625
1171 0.6161335187760779 0.859765625 0.11961057023643949 0.00234375
62 0.7239221140472879 0.86640625 0.09318497913769123 0.0140625
1172 0.8157162726008345 0.843359375 0.09040333796940195 0.01640625
