6 0.5943970767356882 0.262 0.08526187576126674 0.0
2018 0.5347137637028014 0.22 0.08526187576126674 0.0
2019 0.4342265529841656 0.23 0.08647990255785627 0.052
2020 0.41412911084043846 0.277 0.08526187576126674 0.034
1727 0.502436053593179 0.289 0.06942752740560293 0.046
6 0.781973203410475 0.26 0.06090133982947625 0.08
2019 0.8495736906211937 0.219 0.06455542021924482 0.026
2018 0.9141291108404385 0.219 0.04506699147381242 0.01
6 0.6894031668696712 0.287 0.0925700365408039 0.042
1975 0.866626065773447 0.481 0.04506699147381242 0.046
2021 0.8727161997563947 0.537 0.05237515225334957 0.038
553 0.6534713763702802 0.246 0.047503045066991476 0.04
752 0.17295980511571254 0.389 0.04628501827040195 0.034
752 0.8617539585870889 0.401 0.03532277710109622 0.03
