1872 0.48880597014925375 0.27879799666110183 0.06417910447761194 0.0
493 0.6880597014925374 0.44240400667779634 0.056716417910447764 0.0
653 0.6447761194029851 0.337228714524207 0.06865671641791045 0.0
335 0.33059701492537313 0.38731218697829717 0.06119402985074627 0.0
1875 0.6611940298507463 0.5459098497495827 0.05970149253731343 0.0
594 0.3932835820895522 0.3088480801335559 0.049253731343283584 0.0
678 0.31044776119402984 0.48080133555926546 0.056716417910447764 0.0
1887 0.3440298507462687 0.2011686143572621 0.3895522388059702 0.2387312186978297
309 0.5007462686567165 0.6494156928213689 0.44328358208955226 0.01001669449081803
1876 0.5791044776119403 0.3313856427378965 0.041791044776119404 0.0651085141903172
753 0.3328358208955224 0.6135225375626043 0.05970149253731343 0.06176961602671119
618 0.408955223880597 0.672787979966611 0.05373134328358209 0.04674457429048414
373 0.6014925373134329 0.657762938230384 0.04776119402985075 0.04674457429048414
491 0.5082089552238805 0.6969949916527546 0.049253731343283584 0.045075125208681135
