1383 0.2110016420361248 0.36157407407407405 0.1921182266009852 0.14907407407407408
481 0.47865353037766833 0.24675925925925926 0.3136288998357964 0.013888888888888888
1384 0.8234811165845649 0.30416666666666664 0.26436781609195403 0.11944444444444445
344 0.42857142857142855 0.5351851851851852 0.24630541871921183 0.0962962962962963
1385 0.6921182266009852 0.5560185185185185 0.21182266009852216 0.03796296296296296
1386 0.8587848932676518 0.46111111111111114 0.08866995073891626 0.1
235 0.5443349753694581 0.35509259259259257 0.3793103448275862 0.002777777777777778
1387 0.5714285714285714 0.40324074074074073 0.5221674876847291 0.000925925925925926
187 0.5952380952380952 0.45555555555555555 0.43842364532019706 0.0
1388 0.6100164203612479 0.5101851851851852 0.29064039408866993 0.025925925925925925
