6 0.5444444444444444 0.5665024630541872 0.03518518518518519 0.0
524 0.33101851851851855 0.38752052545155996 0.08055555555555556 0.23973727422003285
436 0.46944444444444444 0.19458128078817735 0.1648148148148148 0.10344827586206896
525 0.6273148148148148 0.17159277504105092 0.10833333333333334 0.07389162561576355
526 0.7472222222222222 0.3013136288998358 0.1111111111111111 0.15270935960591134
527 0.4601851851851852 0.36535303776683087 0.12037037037037036 0.17569786535303777
528 0.5782407407407407 0.270935960591133 0.0787037037037037 0.003284072249589491
114 0.6703703703703704 0.3226600985221675 0.08148148148148149 0.09359605911330049
529 0.5481481481481482 0.43103448275862066 0.09814814814814815 0.024630541871921183
530 0.6240740740740741 0.41461412151067323 0.05 0.04433497536945813
531 0.3819444444444444 0.7192118226600985 0.05648148148148148 0.006568144499178982
532 0.4324074074074074 0.7003284072249589 0.03888888888888889 0.0180623973727422
531 0.38796296296296295 0.9146141215106732 0.1037037037037037 0.006568144499178982
532 0.47453703703703703 0.8505747126436781 0.07314814814814814 0.022988505747126436
533 0.5879629629629629 0.5254515599343186 0.09259259259259259 0.03284072249589491
534 0.5986111111111111 0.5738916256157636 0.049074074074074076 0.0180623973727422
535 0.5851851851851851 0.7126436781609196 0.04814814814814815 0.03940886699507389
536 0.6370370370370371 0.6912972085385879 0.040740740740740744 0.08210180623973727
430 0.6564814814814814 0.6042692939244664 0.03518518518518519 0.06568144499178982
537 0.8152777777777778 0.7602627257799671 0.026851851851851852 0.026272577996715927
538 0.8453703703703703 0.7430213464696224 0.037037037037037035 0.027914614121510674
539 0.8851851851851852 0.7257799671592775 0.03888888888888889 0.019704433497536946
6 0.8537037037037037 0.6174055829228243 0.05740740740740741 0.019704433497536946
248 0.6143518518518518 0.9819376026272578 0.05092592592592592 0.006568144499178982
540 0.6675925925925926 0.9433497536945813 0.05925925925925926 0.0049261083743842365
541 0.7305555555555555 0.90311986863711 0.06296296296296296 0.003284072249589491
531 0.7930555555555555 0.8628899835796388 0.05462962962962963 0.0016420361247947454
532 0.8388888888888889 0.8349753694581281 0.03888888888888889 0.011494252873563218
