4827 0.862 0.953757225433526 0.156 0.0
4828 0.061 0.3159922928709056 0.114 0.0
4829 0.074 0.2504816955684008 0.14 0.0
399 0.122 0.3468208092485549 0.036 0.0
2545 0.929 0.8420038535645472 0.102 0.0
4830 0.06 0.3468208092485549 0.048 0.0
4831 0.018 0.3631984585741811 0.028 0.02119460500963391
4683 0.082 0.08863198458574181 0.032 0.16955684007707128
4683 0.139 0.08959537572254335 0.03 0.17148362235067438
2 0.078 0.1994219653179191 0.044 0.009633911368015413
2 0.14 0.19653179190751446 0.06 0.05394990366088632
4832 0.782 0.14739884393063585 0.052 0.017341040462427744
999 0.786 0.27552986512524086 0.048 0.17341040462427745
6 0.721 0.7851637764932563 0.202 0.055876685934489405
6 0.919 0.8140655105973025 0.146 0.06358381502890173
785 0.646 0.8333333333333334 0.068 0.036608863198458574
4833 0.755 0.838150289017341 0.138 0.038535645472061654
4827 0.473 0.8227360308285164 0.046 0.046242774566473986
1563 0.519 0.825626204238921 0.05 0.04431599229287091
4834 0.122 0.5192678227360308 0.02 0.2678227360308285
2 0.141 0.5250481695568401 0.026 0.14836223506743737
6 0.072 0.5269749518304432 0.04 0.24855491329479767
