1262 0.11574074074074074 0.2627257799671593 0.10925925925925926 0.07881773399014778
1369 0.1986111111111111 0.2676518883415435 0.03796296296296296 0.0722495894909688
1370 0.033796296296296297 0.3464696223316913 0.06018518518518518 0.06896551724137931
1371 0.09583333333333334 0.34811165845648606 0.07314814814814814 0.05582922824302135
785 0.16712962962962963 0.34893267651888343 0.06574074074074074 0.06403940886699508
1262 0.2212962962962963 0.3505747126436782 0.04814814814814815 0.05090311986863711
217 0.058333333333333334 0.4236453201970443 0.06666666666666667 0.0361247947454844
1372 0.15462962962962962 0.4154351395730706 0.1259259259259259 0.06239737274220033
6 0.11851851851851852 0.4819376026272578 0.2 0.04433497536945813
1373 0.13657407407407407 0.583743842364532 0.09351851851851851 0.060755336617405585
1262 0.5342592592592592 0.03776683087027915 0.07037037037037037 0.0722495894909688
220 0.5967592592592592 0.04187192118226601 0.026851851851851852 0.06732348111658457
935 0.49074074074074076 0.11658456486042693 0.08888888888888889 0.06568144499178982
66 0.5828703703703704 0.12479474548440066 0.09166666666666666 0.06239737274220033
1262 0.6472222222222223 0.13464696223316913 0.027777777777777776 0.06568144499178982
6 0.5439814814814815 0.19786535303776684 0.1398148148148148 0.07389162561576355
1374 0.5560185185185185 0.2963875205254516 0.07314814814814814 0.060755336617405585
1375 0.5375 0.42036124794745483 0.36944444444444446 0.0
1376 0.462037037037037 0.555008210180624 0.27037037037037037 0.052545155993431854
1262 0.6800925925925926 0.5385878489326765 0.1287037037037037 0.022988505747126436
1262 0.8439814814814814 0.33497536945812806 0.06018518518518518 0.05582922824302135
1377 0.8967592592592593 0.34072249589490966 0.025 0.06732348111658457
933 0.8444444444444444 0.3949096880131363 0.04259259259259259 0.05090311986863711
1262 0.8777777777777778 0.39080459770114945 0.027777777777777776 0.042692939244663386
6 0.85 0.44417077175697867 0.11481481481481481 0.041050903119868636
1378 0.8587962962962963 0.5254515599343186 0.05092592592592592 0.042692939244663386
