0 0.274609375 0.2265625 0.07265625 0.084375
4946 0.430078125 0.1015625 0.21640625 0.071875
4947 0.67734375 0.16145833333333334 0.221875 0.21458333333333332
2144 0.296484375 0.4708333333333333 0.30859375 0.16041666666666668
4948 0.677734375 0.5036458333333333 0.37265625 0.26979166666666665
1260 0.340625 0.6567708333333333 0.009375 0.06770833333333333
3882 0.4359375 0.6927083333333334 0.109375 0.058333333333333334
1260 0.521484375 0.7489583333333333 0.04296875 0.035416666666666666
215 0.58984375 0.7020833333333333 0.0890625 0.027083333333333334
216 0.669921875 0.6302083333333334 0.05390625 0.07916666666666666
