40 0.2382716049382716 0.5231481481481481 0.07654320987654321 0.0
41 0.2938271604938272 0.6 0.09382716049382717 0.0
42 0.2932098765432099 0.5722222222222222 0.15925925925925927 0.0
43 0.2932098765432099 0.55 0.12962962962962962 0.0
44 0.6654320987654321 0.3333333333333333 0.19012345679012346 0.0
0 0.3617283950617284 0.5222222222222223 0.04938271604938271 0.0
44 0.2919753086419753 0.4861111111111111 0.13950617283950617 0.0
34 0.31049382716049384 0.524074074074074 0.03827160493827161 0.0
45 0.6567901234567901 0.3074074074074074 0.6444444444444445 0.012962962962962963
45 0.2882716049382716 0.4601851851851852 0.21851851851851853 0.007407407407407408
