4915 0.85 0.61794500723589 0.188 0.0
4916 0.633 0.622286541244573 0.162 0.0
4917 0.212 0.5904486251808972 0.144 0.0
4918 0.44 0.622286541244573 0.196 0.0
4919 0.255 0.622286541244573 0.146 0.0
4920 0.695 0.5875542691751086 0.378 0.0
4921 0.399 0.5918958031837916 0.202 0.0
4922 0.125 0.6208393632416788 0.102 0.0
4923 0.508 0.4384949348769899 0.276 0.0
4924 0.25 0.2040520984081042 0.448 0.005788712011577424
4921 0.733 0.19681620839363242 0.49 0.005788712011577424
6 0.105 0.39652677279305354 0.102 0.060781476121562955
4920 0.542 0.3379160636758321 0.788 0.001447178002894356
4925 0.275 0.5086830680173662 0.35 0.053545586107091175
4926 0.692 0.5021707670043415 0.424 0.05499276410998553
4927 0.51 0.6685962373371924 0.52 0.017366136034732273
