743 0.3425 0.3333333333333333 0.1675 0.0
468 0.109375 0.26629422718808193 0.10625 0.0
6 0.499375 0.8752327746741154 0.18875 0.0
787 0.21125 0.5176908752327747 0.04 0.0
85 0.171875 0.5195530726256983 0.03625 0.0
788 0.539375 0.3743016759776536 0.04625 0.0
789 0.028125 0.27001862197392923 0.04375 0.0
790 0.206875 0.25884543761638734 0.07625 0.0
6 0.291875 0.48044692737430167 0.01625 0.0
791 0.025625 0.36312849162011174 0.04625 0.0223463687150838
792 0.090625 0.40502793296089384 0.08375 0.027932960893854747
793 0.12375 0.33426443202979517 0.0725 0.04655493482309125
794 0.170625 0.4022346368715084 0.04625 0.0297951582867784
6 0.22875 0.3929236499068901 0.0575 0.1452513966480447
85 0.3875 0.29236499068901306 0.2475 0.0595903165735568
795 0.60375 0.33798882681564246 0.17 0.19553072625698323
796 0.8175 0.3947858472998138 0.305 0.040968342644320296
529 0.825 0.2783985102420857 0.055 0.04283054003724395
797 0.8675 0.25605214152700184 0.035 0.00558659217877095
798 0.91375 0.25884543761638734 0.0475 0.0223463687150838
799 0.3625 0.3770949720670391 0.1175 0.00558659217877095
6 0.90875 0.32774674115456237 0.1425 0.08193668528864059
