615 0.4294532627865961 0.5347222222222222 0.4144620811287478 0.0
6 0.7522045855379189 0.9107142857142857 0.10052910052910052 0.0
6 0.7292768959435626 0.8819444444444444 0.12874779541446207 0.0
309 0.42504409171075835 0.4126984126984127 0.09171075837742504 0.0
6 0.42857142857142855 0.48908730158730157 0.30335097001763667 0.0
616 0.37037037037037035 0.3978174603174603 0.059964726631393295 0.05952380952380952
617 0.47001763668430335 0.3958333333333333 0.10052910052910052 0.061507936507936505
309 0.42592592592592593 0.4444444444444444 0.10405643738977072 0.001984126984126984
6 0.42063492063492064 0.6354166666666666 0.42504409171075835 0.054563492063492064
6 0.41005291005291006 0.6884920634920635 0.24867724867724866 0.021825396825396824
615 0.2601410934744268 0.8318452380952381 0.14638447971781304 0.00496031746031746
618 0.25925925925925924 0.3804563492063492 0.059964726631393295 0.030753968253968252
