6 0.5427272727272727 0.7585266030013642 0.034545454545454546 0.0
2504 0.23727272727272727 0.39154160982264663 0.1509090909090909 0.19918144611186903
2505 0.5172727272727272 0.2626193724420191 0.2309090909090909 0.0068212824010914054
343 0.7372727272727273 0.334924965893588 0.15454545454545454 0.11869031377899045
122 0.34545454545454546 0.6903137789904502 0.06181818181818182 0.030013642564802184
2506 0.4572727272727273 0.7169167803547067 0.12545454545454546 0.015006821282401092
846 0.6354545454545455 0.6855388813096862 0.17272727272727273 0.06684856753069578
577 0.759090909090909 0.6391541609822646 0.07090909090909091 0.001364256480218281
2507 0.29363636363636364 0.7073669849931787 0.08545454545454545 0.047748976807639835
2508 0.4381818181818182 0.7510231923601637 0.15272727272727274 0.023192360163710776
2509 0.6436363636363637 0.7332878581173261 0.15272727272727274 0.047748976807639835
2510 0.7718181818181818 0.6541609822646658 0.0890909090909091 0.07776261937244201
