34 0.5898305084745763 0.858 0.023728813559322035 0.0
748 0.5474576271186441 0.858 0.0576271186440678 0.0
748 0.4533898305084746 0.309 0.19152542372881357 0.002
34 0.4576271186440678 0.356 0.061016949152542375 0.04
1438 0.4559322033898305 0.373 0.1864406779661017 0.006
1439 0.5949152542372881 0.823 0.08135593220338982 0.022
1440 0.8305084745762712 0.854 0.0847457627118644 0.04
1441 0.8127118644067797 0.928 0.0423728813559322 0.028
1442 0.8661016949152542 0.924 0.03389830508474576 0.02
1443 0.8186440677966101 0.981 0.04067796610169491 0.026
373 0.8627118644067797 0.973 0.020338983050847456 0.022
1444 0.6305084745762712 0.878 0.05084745762711865 0.036
