1716 0.5939349112426036 0.318 0.1257396449704142 0.0
1717 0.46967455621301774 0.314 0.10502958579881656 0.0
1718 0.9134615384615384 0.73 0.15828402366863906 0.0
1386 0.6960059171597633 0.318 0.060650887573964495 0.0
1719 0.22189349112426035 0.176 0.1834319526627219 0.0
1720 0.7144970414201184 0.362 0.05325443786982249 0.0
648 0.4452662721893491 0.366 0.09171597633136094 0.0
6 0.5724852071005917 0.288 0.28994082840236685 0.06
1717 0.15828402366863906 0.587 0.08875739644970414 0.194
1716 0.35355029585798814 0.52 0.17751479289940827 0.08
1386 0.3121301775147929 0.748 0.10059171597633136 0.02
1713 0.46671597633136097 0.821 0.17899408284023668 0.062
1299 0.5318047337278107 0.382 0.07840236686390532 0.028
1721 0.5946745562130178 0.381 0.05325443786982249 0.03
1722 0.6538461538461539 0.385 0.05621301775147929 0.034
1723 0.6989644970414202 0.805 0.22928994082840237 0.094
