20 0.20148026315789475 0.2523148148148148 0.13322368421052633 0.04722222222222222
1123 0.40789473684210525 0.2101851851851852 0.26644736842105265 0.025925925925925925
719 0.6866776315789473 0.22361111111111112 0.26151315789473684 0.058333333333333334
1124 0.47039473684210525 0.34629629629629627 0.29605263157894735 0.05740740740740741
1125 0.5057565789473685 0.42824074074074076 0.7713815789473685 0.03425925925925926
1126 0.5049342105263158 0.6875 0.24671052631578946 0.03611111111111111
20 0.26973684210526316 0.7175925925925926 0.11842105263157894 0.03888888888888889
1123 0.4564144736842105 0.7476851851851852 0.23519736842105263 0.012037037037037037
719 0.7055921052631579 0.7199074074074074 0.2138157894736842 0.05648148148148148
1127 0.3363486842105263 0.5328703703703703 0.15296052631578946 0.025
1128 0.4917763157894737 0.5282407407407408 0.12828947368421054 0.021296296296296296
1129 0.649671052631579 0.5259259259259259 0.15789473684210525 0.022222222222222223
1130 0.23355263157894737 0.5680555555555555 0.07894736842105263 0.019444444444444445
375 0.31414473684210525 0.5657407407407408 0.08881578947368421 0.020370370370370372
0 0.39473684210526316 0.5648148148148148 0.06578947368421052 0.022222222222222223
857 0.4662828947368421 0.562037037037037 0.08717105263157894 0.016666666666666666
584 0.5493421052631579 0.5638888888888889 0.06907894736842106 0.016666666666666666
1131 0.6529605263157895 0.5606481481481481 0.11842105263157894 0.019444444444444445
217 0.7648026315789473 0.5569444444444445 0.08223684210526316 0.013888888888888888
1132 0.20148026315789475 0.5921296296296297 0.11348684210526316 0.017592592592592594
1133 0.3092105263157895 0.5935185185185186 0.09868421052631579 0.018518518518518517
1134 0.41694078947368424 0.5898148148148148 0.10032894736842106 0.016666666666666666
35 0.5041118421052632 0.5902777777777778 0.06414473684210527 0.013888888888888888
1135 0.6488486842105263 0.586574074074074 0.20559210526315788 0.01574074074074074
988 0.8092105263157895 0.5879629629629629 0.10526315789473684 0.020370370370370372
1136 0.2935855263157895 0.6194444444444445 0.05756578947368421 0.022222222222222223
1137 0.3782894736842105 0.6189814814814815 0.07894736842105263 0.019444444444444445
219 0.4564144736842105 0.6180555555555556 0.06085526315789474 0.019444444444444445
1138 0.5345394736842105 0.6171296296296296 0.07894736842105263 0.017592592592592594
1139 0.587171052631579 0.6148148148148148 0.04276315789473684 0.022222222222222223
220 0.6241776315789473 0.6171296296296296 0.027960526315789474 0.01574074074074074
1140 0.678453947368421 0.6143518518518518 0.0805921052631579 0.021296296296296296
