46 0.48950617283950615 0.46944444444444444 0.6407407407407407 0.0
37 0.4882716049382716 0.6462962962962963 0.20617283950617285 0.0
34 0.48703703703703705 0.6185185185185185 0.04567901234567901 0.0
47 0.31049382716049384 0.42777777777777776 0.08518518518518518 0.06111111111111111
48 0.4283950617283951 0.38333333333333336 0.12839506172839507 0.022222222222222223
49 0.5450617283950617 0.37962962962962965 0.07530864197530865 0.020370370370370372
4 0.6450617283950617 0.42453703703703705 0.08765432098765433 0.06388888888888888
50 0.33024691358024694 0.6449074074074074 0.06790123456790123 0.062037037037037036
51 0.41728395061728396 0.6967592592592593 0.10123456790123457 0.025
40 0.5024691358024691 0.700462962962963 0.06419753086419754 0.004629629629629629
52 0.5666666666666667 0.6907407407407408 0.05925925925925926 0.024074074074074074
53 0.641358024691358 0.6435185185185185 0.06790123456790123 0.05740740740740741
