4785 0.551 0.7857142857142857 0.286 0.0
4786 0.886 0.9454887218045113 0.184 0.0
4787 0.827 0.8853383458646616 0.15 0.0
4788 0.465 0.9492481203007519 0.098 0.0
4789 0.955 0.8966165413533834 0.082 0.0
4790 0.557 0.8890977443609023 0.278 0.0
36 0.719 0.8947368421052632 0.038 0.0
4791 0.529 0.5939849624060151 0.098 0.0
6 0.484 0.45864661654135336 0.192 0.06766917293233082
3305 0.445 0.5968045112781954 0.058 0.08458646616541353
2547 0.496 0.6484962406015038 0.044 0.018796992481203006
4792 0.549 0.6531954887218046 0.054 0.005639097744360902
235 0.608 0.606203007518797 0.052 0.09210526315789473
4793 0.659 0.974624060150376 0.242 0.039473684210526314
