4813 0.2954887218045113 0.512 0.09172932330827067 0.0
2919 0.3887218045112782 0.52 0.058646616541353384 0.0
730 0.43609022556390975 0.524 0.03609022556390978 0.0
4814 0.13834586466165413 0.366 0.03308270676691729 0.524
4815 0.5669172932330827 0.411 0.081203007518797 0.494
4816 0.36165413533834584 0.229 0.19097744360902255 0.03
2043 0.38721804511278196 0.322 0.09473684210526316 0.1
160 0.3015037593984962 0.448 0.09172932330827067 0.092
2092 0.4112781954887218 0.459 0.0887218045112782 0.086
4569 0.0962406015037594 0.843 0.05714285714285714 0.078
2161 0.2654135338345865 0.849 0.13082706766917293 0.078
1322 0.3240601503759398 0.153 0.04962406015037594 0.042
2323 0.39323308270676693 0.164 0.07969924812030076 0.044
4817 0.4030075187969925 0.594 0.08721804511278196 0.1
6 0.5503759398496241 0.856 0.10225563909774436 0.088
