499 0.21923076923076923 0.21025641025641026 0.09423076923076923 0.015384615384615385
1315 0.2283653846153846 0.23653846153846153 0.07596153846153846 0.011538461538461539
1150 0.2956730769230769 0.4807692307692308 0.09326923076923077 0.04871794871794872
1405 0.50625 0.4358974358974359 0.29134615384615387 0.038461538461538464
1406 0.31298076923076923 0.5371794871794872 0.15865384615384615 0.046153846153846156
1407 0.4831730769230769 0.5198717948717949 0.1605769230769231 0.019230769230769232
1408 0.6134615384615385 0.5474358974358975 0.07307692307692308 0.03333333333333333
1409 0.6139423076923077 0.1519230769230769 0.26826923076923076 0.09871794871794871
1150 0.9105769230769231 0.15576923076923077 0.14423076923076922 0.12179487179487179
1410 0.34375 0.6333333333333333 0.10480769230769231 0.005128205128205128
1411 0.49038461538461536 0.6301282051282051 0.1423076923076923 0.02435897435897436
