619 0.41898148148148145 0.6830870279146142 0.08425925925925926 0.0
312 0.30462962962962964 0.7339901477832512 0.06666666666666667 0.0
96 0.36203703703703705 0.7684729064039408 0.06481481481481481 0.0
113 0.4861111111111111 0.36288998357963875 0.11666666666666667 0.0
620 0.2796296296296296 0.6929392446633826 0.06481481481481481 0.0
0 0.42268518518518516 0.7619047619047619 0.041666666666666664 0.0
621 0.34305555555555556 0.6912972085385879 0.05277777777777778 0.0
262 0.4861111111111111 0.7569786535303776 0.06666666666666667 0.0
622 0.2550925925925926 0.735632183908046 0.023148148148148147 0.0
34 0.6023148148148149 0.7405582922824302 0.025 0.0
621 0.7162037037037037 0.7389162561576355 0.062037037037037036 0.0
620 0.35509259259259257 0.2922824302134647 0.06574074074074074 0.0722495894909688
623 0.4689814814814815 0.24466338259441708 0.13425925925925927 0.013136288998357963
624 0.5958333333333333 0.2857142857142857 0.08425925925925926 0.08210180623973727
620 0.4837962962962963 0.2947454844006568 0.05648148148148148 0.0180623973727422
625 0.45555555555555555 0.32101806239737274 0.06296296296296296 0.021346469622331693
621 0.5157407407407407 0.32019704433497537 0.04814814814814815 0.026272577996715927
626 0.48842592592592593 0.34893267651888343 0.06574074074074074 0.021346469622331693
620 0.4981481481481482 0.5295566502463054 0.4685185185185185 0.22495894909688013
627 0.49537037037037035 0.6912972085385879 0.053703703703703705 0.022988505747126436
481 0.5648148148148148 0.6855500821018062 0.08148148148148149 0.021346469622331693
628 0.6703703703703704 0.6756978653530378 0.12222222222222222 0.024630541871921183
629 0.4148148148148148 0.7405582922824302 0.13703703703703704 0.013136288998357963
35 0.5148148148148148 0.7282430213464697 0.04814814814814815 0.024630541871921183
517 0.5837962962962963 0.7200328407224958 0.08981481481481482 0.024630541871921183
146 0.6578703703703703 0.7200328407224958 0.04537037037037037 0.027914614121510674
630 0.7097222222222223 0.7134646962233169 0.05462962962962963 0.021346469622331693
361 0.2814814814814815 0.7980295566502463 0.08148148148148149 0.016420361247947456
631 0.5555555555555556 0.7668308702791461 0.06296296296296296 0.029556650246305417
620 0.6518518518518519 0.7651888341543513 0.06481481481481481 0.0361247947454844
6 0.5046296296296297 0.8579638752052545 0.3074074074074074 0.054187192118226604
