2368 0.6682892906815021 0.27421875 0.2211404728789986 0.046875
6 0.655076495132128 0.2875 0.10848400556328233 0.0359375
1927 0.5764951321279554 0.284765625 0.07093184979137691 0.03046875
577 0.6432545201668984 0.299609375 0.02364394993045897 0.02109375
1853 0.7107093184979137 0.312890625 0.06397774687065369 0.02578125
6 0.6210013908205841 0.309765625 0.08205841446453407 0.02890625
2369 0.5945757997218358 0.309765625 0.1349095966620306 0.03671875
2368 0.5312934631432545 0.425 0.26425591098748263 0.053125
6 0.5118219749652295 0.43671875 0.11404728789986092 0.034375
1927 0.4283727399165508 0.4375 0.08344923504867872 0.03125
577 0.502086230876217 0.454296875 0.027816411682892908 0.01953125
1853 0.5751043115438108 0.4703125 0.07093184979137691 0.0296875
6 0.47844228094575797 0.469921875 0.0917941585535466 0.03203125
2369 0.4422809457579972 0.46875 0.15577190542420027 0.046875
2368 0.303894297635605 0.58515625 0.2267037552155772 0.0296875
2370 0.31710709318497915 0.621484375 0.11126564673157163 0.04609375
1927 0.22044506258692628 0.620703125 0.08484005563282336 0.03984375
577 0.30598052851182195 0.641796875 0.027816411682892908 0.02421875
1853 0.3810848400556328 0.66015625 0.08066759388038942 0.0375
658 0.2732962447844228 0.662109375 0.1043115438108484 0.04140625
2369 0.2364394993045897 0.66328125 0.1474269819193324 0.053125
1322 0.9645340751043116 0.685546875 0.004172461752433936 0.03515625
482 0.9214186369958275 0.709765625 0.015299026425591099 0.05390625
2371 0.8789986091794159 0.7078125 0.008344923504867872 0.0796875
2372 0.8240611961057024 0.774609375 0.07927677329624479 0.05546875
2372 0.847009735744089 0.863671875 0.03337969401947149 0.05546875
1875 0.6828929068150209 0.835546875 0.022253129346314324 0.01953125
401 0.8184979137691237 0.671484375 0.0013908205841446453 0.05390625
918 0.8031988873435327 0.6578125 0.006954102920723227 0.0421875
6 0.655076495132128 0.82890625 0.0 0.040625
6 0.02851182197496523 0.36796875 0.03477051460361613 0.059375
6 0.22322670375521558 0.771875 0.39360222531293465 0.1421875
6 0.6905424200278164 0.873046875 0.12934631432545202 0.05546875
