564 0.48313492063492064 0.5978835978835979 0.05555555555555555 0.0
565 0.37896825396825395 0.42680776014109345 0.04365079365079365 0.0
566 0.6036706349206349 0.4532627865961199 0.0625 0.0
567 0.6021825396825397 0.47971781305114636 0.037698412698412696 0.0
568 0.5079365079365079 0.3439153439153439 0.1626984126984127 0.0
569 0.46378968253968256 0.3994708994708995 0.05654761904761905 0.04056437389770723
570 0.5411706349206349 0.4056437389770723 0.08432539682539683 0.03527336860670194
571 0.4399801587301587 0.4532627865961199 0.05654761904761905 0.03527336860670194
118 0.47867063492063494 0.4559082892416226 0.01488095238095238 0.026455026455026454
0 0.5024801587301587 0.4567901234567901 0.022817460317460316 0.02821869488536155
572 0.533234126984127 0.4603174603174603 0.03273809523809524 0.03527336860670194
573 0.5654761904761905 0.4638447971781305 0.015873015873015872 0.02821869488536155
574 0.4593253968253968 0.5705467372134039 0.04563492063492063 0.026455026455026454
575 0.5138888888888888 0.5767195767195767 0.0496031746031746 0.03880070546737213
576 0.3898809523809524 0.6393298059964727 0.037698412698412696 0.037037037037037035
577 0.41369047619047616 0.6825396825396826 0.001984126984126984 0.03527336860670194
578 0.4677579365079365 0.6878306878306878 0.08234126984126984 0.01763668430335097
579 0.5590277777777778 0.6710758377425045 0.08035714285714286 0.05114638447971781
580 0.3878968253968254 0.47530864197530864 0.03571428571428571 0.037037037037037035
0 0.42311507936507936 0.48059964726631393 0.022817460317460316 0.03350970017636684
581 0.46478174603174605 0.48677248677248675 0.04265873015873016 0.03880070546737213
582 0.5089285714285714 0.48853615520282184 0.03373015873015873 0.03880070546737213
573 0.5367063492063492 0.4973544973544973 0.017857142857142856 0.02821869488536155
35 0.5649801587301587 0.4929453262786596 0.026785714285714284 0.029982363315696647
583 0.40029761904761907 0.5141093474426808 0.04265873015873016 0.037037037037037035
584 0.44047619047619047 0.5246913580246914 0.023809523809523808 0.029982363315696647
35 0.47371031746031744 0.5194003527336861 0.026785714285714284 0.029982363315696647
247 0.5074404761904762 0.5246913580246914 0.034722222222222224 0.037037037037037035
585 0.5580357142857143 0.5335097001763669 0.03273809523809524 0.026455026455026454
147 0.5912698412698413 0.5440917107583775 0.023809523809523808 0.037037037037037035
220 0.5342261904761905 0.5352733686067019 0.012896825396825396 0.03350970017636684
