802 0.6576433121019108 0.376 0.1624203821656051 0.0
802 0.6624203821656051 0.552 0.1592356687898089 0.0
802 0.6640127388535032 0.724 0.1592356687898089 0.0
1649 0.9068471337579618 0.008 0.1735668789808917 0.0
395 0.5 0.378 0.12101910828025478 0.0
802 0.6640127388535032 0.89 0.14968152866242038 0.0
395 0.5087579617834395 0.894 0.11624203821656051 0.0
395 0.5063694267515924 0.724 0.12420382165605096 0.0
395 0.5055732484076433 0.554 0.11942675159235669 0.0
391 0.6385350318471338 0.0 0.3375796178343949 0.0
1650 0.2898089171974522 0.71 0.13694267515923567 0.0
1651 0.29538216560509556 0.886 0.14171974522292993 0.0
1652 0.2906050955414013 0.534 0.1449044585987261 0.0
1653 0.28503184713375795 0.346 0.14968152866242038 0.0
391 0.2906050955414013 0.104 0.052547770700636945 0.08
392 0.35828025477707004 0.109 0.054140127388535034 0.09
410 0.32563694267515925 0.177 0.06210191082802548 0.002
1654 0.8136942675159236 0.23 0.3662420382165605 0.108
