468 0.46257197696737046 0.48 0.09213051823416507 0.0
73 0.6698656429942419 0.468 0.09980806142034548 0.0
469 0.564299424184261 0.474 0.09596928982725528 0.0
6 0.7015355086372361 0.0 0.09021113243761997 0.0
470 0.1746641074856046 0.348 0.11900191938579655 0.04
471 0.29750479846449135 0.336 0.09980806142034548 0.036
472 0.46065259117082535 0.329 0.19577735124760076 0.03
473 0.519193857965451 0.393 0.23224568138195778 0.062
85 0.6026871401151631 0.309 0.0690978886756238 0.022
474 0.7053742802303263 0.307 0.12476007677543186 0.042
