1081 0.09696969696969697 0.2940677966101695 0.1696969696969697 0.01864406779661017
109 0.03333333333333333 0.5296610169491526 0.06262626262626263 0.022033898305084745
1604 0.2585858585858586 0.6745762711864407 0.23030303030303031 0.023728813559322035
1081 0.5818181818181818 0.6347457627118644 0.45656565656565656 0.025423728813559324
1563 0.48383838383838385 0.7457627118644068 0.301010101010101 0.061016949152542375
109 0.7636363636363637 0.7601694915254237 0.1414141414141414 0.04576271186440678
491 0.38282828282828285 0.25169491525423726 0.04242424242424243 0.01864406779661017
499 0.4616161616161616 0.1669491525423729 0.1191919191919192 0.06610169491525424
1605 0.46464646464646464 0.20084745762711864 0.11717171717171718 0.059322033898305086
491 0.43333333333333335 0.2788135593220339 0.04242424242424243 0.011864406779661017
491 0.4858585858585859 0.26864406779661015 0.03434343434343434 0.022033898305084745
6 0.48484848484848486 0.2245762711864407 0.06868686868686869 0.01864406779661017
