85 0.4725925925925926 0.4163346613545817 0.5037037037037037 0.0
6 0.34 0.8764940239043825 0.0725925925925926 0.0
6 0.6511111111111111 0.7689243027888446 0.10518518518518519 0.0
335 0.3940740740740741 0.17131474103585656 0.05037037037037037 0.0
1872 0.4725925925925926 0.14342629482071714 0.05333333333333334 0.0
618 0.41703703703703704 0.2539840637450199 0.04296296296296296 0.0
1315 0.2851851851851852 0.1508964143426295 0.15851851851851853 0.15637450199203187
118 0.5133333333333333 0.07171314741035857 0.13777777777777778 0.021912350597609563
1873 0.677037037037037 0.17629482071713148 0.08 0.13545816733067728
1874 0.5207407407407407 0.648406374501992 0.362962962962963 0.1294820717131474
6 0.8518518518518519 0.7539840637450199 0.1925925925925926 0.017928286852589643
6 0.4474074074074074 0.9103585657370518 0.1451851851851852 0.00597609561752988
6 0.16 0.40537848605577687 0.07111111111111111 0.053784860557768925
678 0.36962962962962964 0.22161354581673307 0.04296296296296296 0.026892430278884463
753 0.3874074074074074 0.24850597609561753 0.028148148148148148 0.026892430278884463
491 0.4711111111111111 0.28834661354581675 0.044444444444444446 0.02888446215139442
373 0.5207407407407407 0.2823705179282869 0.037037037037037035 0.030876494023904383
1875 0.5607407407407408 0.25747011952191234 0.05185185185185185 0.026892430278884463
493 0.5681481481481482 0.22858565737051792 0.04 0.0249003984063745
653 0.562962962962963 0.1997011952191235 0.03259259259259259 0.026892430278884463
1876 0.5259259259259259 0.175796812749004 0.035555555555555556 0.03286852589641434
594 0.42148148148148146 0.17081673306772907 0.04 0.03286852589641434
