1747 0.5360824742268041 0.21051520270270271 0.4948453608247423 0.05447635135135135
1365 0.40947164948453607 0.4077280405405405 0.1720360824742268 0.036739864864864864
309 0.6105025773195877 0.3893581081081081 0.2106958762886598 0.06841216216216216
1747 0.5022551546391752 0.5983952702702703 0.9864690721649485 0.07601351351351351
1365 0.28898195876288657 0.734375 0.3550257731958763 0.041385135135135136
309 0.726159793814433 0.71875 0.44587628865979384 0.05067567567567568
2654 0.16333762886597938 0.8868243243243243 0.32023195876288657 0.06587837837837837
34 0.41237113402061853 0.8722550675675675 0.12371134020618557 0.0620777027027027
1365 0.6704252577319587 0.8659206081081081 0.33440721649484534 0.051942567567567564
1377 0.9291237113402062 0.8640202702702703 0.09407216494845361 0.06587837837837837
