205 0.10526315789473684 0.08092105263157895 0.08771929824561403 0.15394736842105264
120 0.11929824561403508 0.2710526315789474 0.10526315789473684 0.08947368421052632
293 0.25701754385964914 0.4644736842105263 0.18421052631578946 0.28421052631578947
294 0.37280701754385964 0.24342105263157895 0.30350877192982456 0.15526315789473685
35 0.4 0.6427631578947368 0.07368421052631578 0.038157894736842106
295 0.48333333333333334 0.5078947368421053 0.09298245614035087 0.18157894736842106
6 0.2964912280701754 0.0125 0.23157894736842105 0.011842105263157895
296 0.47719298245614034 0.1118421052631579 0.08421052631578947 0.10789473684210527
297 0.5429824561403509 0.2993421052631579 0.043859649122807015 0.17763157894736842
298 0.5692982456140351 0.2355263157894737 0.043859649122807015 0.15526315789473685
6 0.7043859649122807 0.15855263157894736 0.17719298245614035 0.2723684210526316
299 0.718421052631579 0.3361842105263158 0.22631578947368422 0.2565789473684211
300 0.7298245614035088 0.4723684210526316 0.18947368421052632 0.1736842105263158
301 0.7210526315789474 0.6059210526315789 0.23859649122807017 0.11447368421052631
296 0.3824561403508772 0.7881578947368421 0.7228070175438597 0.11052631578947368
302 0.8114035087719298 0.7322368421052632 0.12456140350877193 0.09605263157894736
6 0.7070175438596491 0.8960526315789473 0.3649122807017544 0.10789473684210527
