724 0.8339552238805971 0.652 0.2462686567164179 0.0
723 0.6324626865671642 0.652 0.12686567164179105 0.0
68 0.35074626865671643 0.65 0.1828358208955224 0.0
359 0.028917910447761194 0.642 0.054104477611940295 0.0
1579 0.5270522388059702 0.401 0.7257462686567164 0.126
1580 0.48600746268656714 0.511 0.32276119402985076 0.058
1581 0.8218283582089553 0.509 0.24067164179104478 0.058
66 0.23600746268656717 0.569 0.3787313432835821 0.046
1582 0.625 0.571 0.2462686567164179 0.038
1583 0.8955223880597015 0.577 0.16791044776119404 0.05
67 0.15951492537313433 0.675 0.15858208955223882 0.05
1584 0.3180970149253731 0.77 0.15485074626865672 0.024
1585 0.32742537313432835 0.83 0.1623134328358209 0.024
1586 0.049440298507462684 0.844 0.03544776119402985 0.096
1586 0.10167910447761194 0.84 0.03544776119402985 0.092
1369 0.6110074626865671 0.853 0.03544776119402985 0.05
