4885 0.6123046875 0.3059895833333333 0.15625 0.0
1618 0.4248046875 0.3020833333333333 0.17578125 0.0
4886 0.21142578125 0.6731770833333334 0.0927734375 0.0
4887 0.447265625 0.7473958333333334 0.125 0.0
4888 0.19921875 0.6236979166666666 0.078125 0.0
4889 0.52978515625 0.7916666666666666 0.0849609375 0.0
4890 0.3076171875 0.52734375 0.1328125 0.0
4891 0.42529296875 0.3815104166666667 0.1630859375 0.0
2538 0.60546875 0.3815104166666667 0.169921875 0.0
4892 0.66064453125 0.7864583333333334 0.1064453125 0.0
4893 0.7724609375 0.4778645833333333 0.109375 0.0
4894 0.2783203125 0.48046875 0.09765625 0.0
3823 0.78076171875 0.7421875 0.0576171875 0.0
4895 0.685546875 0.73828125 0.119140625 0.0
4896 0.703125 0.6184895833333334 0.095703125 0.0
1052 0.4912109375 0.4817708333333333 0.078125 0.0
4897 0.2841796875 0.6223958333333334 0.0703125 0.0
1052 0.5390625 0.5286458333333334 0.083984375 0.0
2737 0.81787109375 0.7890625 0.0654296875 0.0
4898 0.7421875 0.6614583333333334 0.083984375 0.0
347 0.8349609375 0.7421875 0.037109375 0.0
4899 0.8330078125 0.6640625 0.0859375 0.0
1052 0.35205078125 0.6692708333333334 0.0791015625 0.0
4900 0.455078125 0.6640625 0.111328125 0.0
4901 0.4697265625 0.5729166666666666 0.068359375 0.0
117 0.35986328125 0.6184895833333334 0.0673828125 0.0
4902 0.70166015625 0.5690104166666666 0.0751953125 0.0
4903 0.66357421875 0.6640625 0.0595703125 0.0
4250 0.46044921875 0.69140625 0.1279296875 0.0
4904 0.5810546875 0.66796875 0.09375 0.0
2111 0.61376953125 0.6184895833333334 0.0673828125 0.0
1052 0.54931640625 0.5677083333333334 0.0849609375 0.0
4905 0.63232421875 0.4791666666666667 0.0673828125 0.0
3340 0.77880859375 0.6158854166666666 0.0458984375 0.0
924 0.458984375 0.5299479166666666 0.0546875 0.0
1969 0.5654296875 0.7447916666666666 0.05859375 0.0
4906 0.7724609375 0.5260416666666666 0.10546875 0.0
4907 0.51318359375 0.62109375 0.1220703125 0.0
36 0.4130859375 0.5716145833333334 0.0234375 0.0
2349 0.69287109375 0.4778645833333333 0.0400390625 0.0
34 0.3525390625 0.48046875 0.03515625 0.0
4908 0.65087890625 0.52734375 0.0673828125 0.0
220 0.60595703125 0.7473958333333334 0.0185546875 0.0
730 0.4052734375 0.4791666666666667 0.041015625 0.0
101 0.29248046875 0.2981770833333333 0.2490234375 0.19791666666666666
2079 0.52294921875 0.20052083333333334 0.1767578125 0.005208333333333333
1688 0.7509765625 0.3033854166666667 0.224609375 0.17447916666666666
34 0.287109375 0.6953125 0.041015625 0.0390625
34 0.40283203125 0.5514322916666666 0.0419921875 0.040364583333333336
1052 0.34326171875 0.7721354166666666 0.0732421875 0.033854166666666664
6 0.5927734375 0.806640625 0.0234375 0.032552083333333336
1322 0.74755859375 0.8059895833333334 0.0537109375 0.033854166666666664
4909 0.35107421875 0.59375 0.0771484375 0.0390625
