844 0.2144026186579378 0.6945876288659794 0.016366612111292964 0.08247422680412371
118 0.23608837970540097 0.6359536082474226 0.020458265139116204 0.01675257731958763
845 0.2483633387888707 0.6030927835051546 0.0220949263502455 0.015463917525773196
846 0.3465630114566285 0.4478092783505155 0.05646481178396072 0.04768041237113402
577 0.3895253682487725 0.4259020618556701 0.02127659574468085 0.014175257731958763
847 0.42266775777414073 0.4014175257731959 0.04337152209492635 0.014175257731958763
230 0.483633387888707 0.3962628865979381 0.06546644844517185 0.003865979381443299
6 0.4779050736497545 0.3485824742268041 0.14238952536824878 0.003865979381443299
848 0.5417348608837971 0.4072164948453608 0.04091653027823241 0.020618556701030927
849 0.7131751227495908 0.6121134020618557 0.030278232405891982 0.08762886597938144
850 0.7258592471358429 0.6726804123711341 0.008183306055646482 0.028350515463917526
851 0.7389525368248773 0.7094072164948454 0.008183306055646482 0.045103092783505154
6 0.7647299509001637 0.7274484536082474 0.046644844517184945 0.07603092783505154
847 0.2262684124386252 0.6063144329896907 0.09738134206219312 0.28737113402061853
852 0.39361702127659576 0.40012886597938147 0.20130932896890344 0.08891752577319588
34 0.5310965630114566 0.3859536082474227 0.04091653027823241 0.055412371134020616
853 0.6693944353518821 0.523840206185567 0.18166939443535188 0.2822164948453608
220 0.8404255319148937 0.7487113402061856 0.014729950900163666 0.015463917525773196
854 0.8633387888707038 0.75 0.03273322422258593 0.01804123711340206
855 0.8985270049099836 0.7493556701030928 0.04091653027823241 0.019329896907216496
856 0.9414893617021277 0.7512886597938144 0.04991816693944354 0.01804123711340206
847 0.9071194762684124 0.7783505154639175 0.14811783960720132 0.03865979381443299
852 0.8641571194762684 0.8182989690721649 0.06873977086743044 0.03608247422680412
34 0.9038461538461539 0.8298969072164949 0.01718494271685761 0.028350515463917526
853 0.9513093289689034 0.8189432989690721 0.08428805237315876 0.037371134020618556
6 0.9112111292962357 0.8479381443298969 0.1530278232405892 0.015463917525773196
