453 0.4791666666666667 0.2109375 0.07291666666666667 0.01875
454 0.5598958333333334 0.222265625 0.05520833333333333 0.05078125
246 0.43802083333333336 0.250390625 0.03229166666666667 0.00546875
309 0.49947916666666664 0.2859375 0.071875 0.0046875
455 0.07916666666666666 0.3140625 0.11041666666666666 0.0546875
456 0.2453125 0.358984375 0.06770833333333333 0.01953125
457 0.3375 0.351953125 0.10625 0.01796875
458 0.4203125 0.3484375 0.06145833333333333 0.0203125
459 0.5026041666666666 0.344140625 0.090625 0.01953125
460 0.5875 0.33984375 0.075 0.01875
461 0.6671875 0.334375 0.084375 0.021875
462 0.7390625 0.327734375 0.040625 0.03046875
463 0.7921875 0.326171875 0.06979166666666667 0.02578125
6 0.3416666666666667 0.376953125 0.25833333333333336 0.00546875
464 0.5588541666666667 0.362890625 0.16145833333333334 0.00859375
465 0.7348958333333333 0.35625 0.18854166666666666 0.009375
