6 0.955 0.6305418719211823 0.05333333333333334 0.0
0 0.26 0.11945812807881774 0.08333333333333333 0.04187192118226601
2156 0.265 0.17364532019704434 0.20666666666666667 0.0812807881773399
731 0.26916666666666667 0.270935960591133 0.225 0.054187192118226604
2157 0.6666666666666666 0.16748768472906403 0.22333333333333333 0.09852216748768473
2158 0.09833333333333333 0.6613300492610837 0.05 0.0024630541871921183
1139 0.13416666666666666 0.6736453201970444 0.021666666666666667 0.03694581280788178
2159 0.2891666666666667 0.6699507389162561 0.045 0.014778325123152709
0 0.2891666666666667 0.6908866995073891 0.021666666666666667 0.022167487684729065
2160 0.32166666666666666 0.6945812807881774 0.03666666666666667 0.029556650246305417
36 0.5033333333333333 0.6834975369458128 0.03 0.03694581280788178
215 0.5575 0.666256157635468 0.055 0.012315270935960592
2161 0.6216666666666667 0.6761083743842364 0.05333333333333334 0.04187192118226601
0 0.9116666666666666 0.6564039408866995 0.043333333333333335 0.012315270935960592
1899 0.3233333333333333 0.5886699507389163 0.03666666666666667 0.06403940886699508
