737 0.8864583333333333 0.61875 0.15833333333333333 0.0
738 0.8963541666666667 0.7125 0.16770833333333332 0.0
6 0.8864583333333333 0.41953125 0.225 0.0
739 0.8890625 0.9609375 0.11979166666666667 0.0
6 0.6619791666666667 0.88203125 0.278125 0.0
6 0.5854166666666667 0.6265625 0.325 0.0
6 0.590625 0.96328125 0.13333333333333333 0.0
740 0.4 0.48984375 0.09375 0.0171875
741 0.53125 0.487890625 0.14375 0.02109375
742 0.9109375 0.897265625 0.171875 0.01796875
6 0.7296875 0.98125 0.11354166666666667 0.0296875
