1616 0.34 0.8481481481481481 0.068 0.0
1617 0.138 0.8592592592592593 0.04 0.0
1618 0.182 0.8703703703703703 0.036 0.0
750 0.228 0.8722222222222222 0.056 0.0
1619 0.285 0.8462962962962963 0.038 0.0
1620 0.247 0.8462962962962963 0.03 0.0
37 0.289 0.8722222222222222 0.07 0.0
1621 0.278 0.6444444444444445 0.116 0.0
6 0.532 0.9 0.072 0.0
1622 0.198 0.6444444444444445 0.036 0.0
37 0.172 0.5305555555555556 0.196 0.001851851851851852
1620 0.088 0.575925925925926 0.048 0.03333333333333333
1619 0.141 0.6064814814814815 0.058 0.020370370370370372
1623 0.234 0.5861111111111111 0.12 0.053703703703703705
1624 0.068 0.6546296296296297 0.124 0.020370370370370372
1625 0.489 0.7962962962962963 0.102 0.022222222222222223
1623 0.509 0.8537037037037037 0.066 0.03333333333333333
37 0.199 0.8555555555555555 0.074 0.025925925925925925
