6 0.616015625 0.6864583333333333 0.04609375 0.0
1461 0.18046875 0.3927083333333333 0.2828125 0.13541666666666666
309 0.108984375 0.6552083333333333 0.08046875 0.03958333333333333
6 0.159375 0.6541666666666667 0.0109375 0.0375
1136 0.191015625 0.6619791666666667 0.03671875 0.028125
748 0.137109375 0.7270833333333333 0.07890625 0.008333333333333333
1462 0.369140625 0.678125 0.04296875 0.025
633 0.419921875 0.6770833333333334 0.04921875 0.027083333333333334
6 0.352734375 0.7453125 0.01953125 0.021875
1463 0.405859375 0.7307291666666667 0.07734375 0.040625
1464 0.898828125 0.5520833333333334 0.11796875 0.08958333333333333
1465 0.76796875 0.5057291666666667 0.0421875 0.034375
1466 0.743359375 0.521875 0.03515625 0.03125
1467 0.787109375 0.53125 0.03984375 0.03125
6 0.984765625 0.5703125 0.02578125 0.040625
6 0.795703125 0.8260416666666667 0.03359375 0.0375
6 0.5984375 0.48125 0.075 0.0125
6 0.6046875 0.5791666666666667 0.1046875 0.0625
6 0.6375 0.7833333333333333 0.034375 0.07083333333333333
