6 0.7280334728033473 0.91875 0.06485355648535565 0.0
1477 0.5313807531380753 0.351171875 0.0397489539748954 0.05078125
34 0.5747907949790795 0.334375 0.038702928870292884 0.015625
0 0.6155857740585774 0.32734375 0.049163179916317995 0.015625
378 0.6668410041841004 0.36484375 0.04707112970711297 0.059375
1478 0.6051255230125523 0.405078125 0.16631799163179917 0.03984375
1479 0.608786610878661 0.427734375 0.1297071129707113 0.03515625
1480 0.6082635983263598 0.44609375 0.12447698744769875 0.0375
1353 0.5685146443514645 0.4625 0.07426778242677824 0.03125
1481 0.6511506276150628 0.476171875 0.08054393305439331 0.02734375
1482 0.6129707112970711 0.492578125 0.16317991631799164 0.04609375
1483 0.6171548117154811 0.515234375 0.16527196652719664 0.04609375
6 0.05073221757322176 0.8609375 0.04079497907949791 0.08125
6 0.8106694560669456 0.96015625 0.056485355648535567 0.075
