6 0.19631901840490798 0.816 0.1165644171779141 0.0
923 0.2960122699386503 0.102 0.05214723926380368 0.016
2080 0.2875766871165644 0.13 0.05368098159509203 0.012
377 0.5881901840490797 0.492 0.23773006134969324 0.04
2081 0.5927914110429447 0.56 0.200920245398773 0.056
610 0.8312883435582822 0.638 0.08895705521472393 0.016
2082 0.9141104294478528 0.628 0.05214723926380368 0.024
22 0.8719325153374233 0.658 0.0352760736196319 0.016
892 0.8573619631901841 0.69 0.15337423312883436 0.012
2083 0.852760736196319 0.719 0.0950920245398773 0.014
6 0.12883435582822086 0.923 0.1901840490797546 0.034
