924 0.5535372848948374 0.556 0.05162523900573614 0.0
2022 0.4502868068833652 0.213 0.08986615678776291 0.03
205 0.5420650095602294 0.198 0.0745697896749522 0.004
1093 0.6424474187380497 0.209 0.11089866156787763 0.026
2023 0.5497131931166348 0.257 0.23135755258126195 0.006
2024 0.4837476099426386 0.298 0.09560229445506692 0.036
1831 0.607074569789675 0.293 0.10516252390057361 0.026
146 0.4560229445506692 0.569 0.040152963671128104 0.018
120 0.5009560229445507 0.571 0.04206500956022945 0.018
120 0.6061185468451242 0.572 0.03824091778202677 0.02
2023 0.3298279158699809 0.489 0.08221797323135756 0.03
2025 0.3298279158699809 0.508 0.08604206500956023 0.028
573 0.3011472275334608 0.528 0.040152963671128104 0.028
120 0.3479923518164436 0.534 0.045889101338432124 0.028
226 0.32504780114722753 0.552 0.0841300191204589 0.028
162 0.3240917782026769 0.576 0.08221797323135756 0.024
2023 0.20363288718929254 0.51 0.06309751434034416 0.028
2026 0.19980879541108987 0.539 0.06309751434034416 0.042
622 0.15965583173996176 0.564 0.017208413001912046 0.036
2026 0.20650095602294455 0.572 0.06118546845124283 0.04
2027 0.1701720841300191 0.596 0.03824091778202677 0.036
22 0.21223709369024857 0.604 0.030592734225621414 0.04
2028 0.18738049713193117 0.632 0.030592734225621414 0.036
