2549 0.44 0.300921187308086 0.2545454545454545 0.0
6 0.1618181818181818 0.6305015353121801 0.09090909090909091 0.0
2550 0.14545454545454545 0.38075742067553736 0.1890909090909091 0.0
0 0.1690909090909091 0.42988741044012285 0.06181818181818182 0.0
120 0.10636363636363637 0.43091095189355166 0.056363636363636366 0.0
6 0.1318181818181818 0.5614124872057318 0.0890909090909091 0.05834186284544524
1967 0.2509090909090909 0.15762538382804503 0.15272727272727274 0.1105424769703173
34 0.33545454545454545 0.12896622313203684 0.04909090909090909 0.030706243602865915
1073 0.6309090909090909 0.09109518935516889 0.5963636363636363 0.04094165813715456
1071 0.5672727272727273 0.13357215967246674 0.14909090909090908 0.021494370522006142
1072 0.6854545454545454 0.15097236438075742 0.08727272727272728 0.02968270214943705
2150 0.5727272727272728 0.2563971340839304 0.43272727272727274 0.03172978505629478
1966 0.2827272727272727 0.27021494370522003 0.11454545454545455 0.028659160696008188
6 0.27636363636363637 0.19498464687819858 0.08363636363636363 0.062436028659160696
