1228 0.08754863813229571 0.459 0.0622568093385214 0.01
1229 0.09727626459143969 0.478 0.19066147859922178 0.028
1230 0.11089494163424124 0.516 0.21011673151750973 0.004
1231 0.1819066147859922 0.905 0.2587548638132296 0.046
1232 0.19747081712062256 0.93 0.18482490272373542 0.044
1228 0.5972762645914397 0.326 0.0622568093385214 0.012
1233 0.5875486381322957 0.319 0.26459143968871596 0.106
1234 0.6050583657587548 0.403 0.17120622568093385 0.042
1235 0.6984435797665369 0.399 0.10894941634241245 0.038
1236 0.7013618677042801 0.424 0.09922178988326848 0.044
6 0.5846303501945526 0.788 0.2198443579766537 0.112
