777 0.44931362196409713 0.666 0.07708553326293559 0.0
460 0.643611404435058 0.66 0.08342133051742344 0.0
779 0.5480464625131996 0.66 0.07602956705385427 0.0
782 0.3579725448785639 0.656 0.061246040126715945 0.0
781 0.06863780359028511 0.7 0.029567053854276663 0.0
751 0.1119324181626188 0.7 0.03590285110876452 0.0
786 0.5052798310454065 0.92 0.07708553326293559 0.0
6 0.7703273495248152 0.064 0.07497360084477296 0.108
783 0.2750791974656811 0.253 0.07074973600844774 0.074
784 0.3907074973600845 0.174 0.13093980992608237 0.052
785 0.5116156282998944 0.146 0.0897571277719113 0.012
451 0.6779303062302007 0.235 0.2133051742344245 0.166
478 0.40390707497360084 0.366 0.30306230200633577 0.012
487 0.6678986272439282 0.382 0.12777191129883844 0.264
6 0.19482576557550157 0.557 0.07497360084477296 0.118
6 0.4392819429778247 0.515 0.21119324181626187 0.114
6 0.8051742344244984 0.557 0.07286166842661035 0.098
778 0.16684266103484688 0.72 0.06969376979936642 0.048
780 0.22439281942977823 0.718 0.04329461457233368 0.048
1279 0.7983104540654699 0.723 0.03167898627243928 0.046
1280 0.8717001055966209 0.718 0.09609292502639916 0.044
