56 0.5506172839506173 0.6796296296296296 0.35802469135802467 0.0
57 0.6074074074074074 0.7305555555555555 0.22962962962962963 0.0
58 0.28641975308641976 0.6953703703703704 0.07407407407407407 0.0
59 0.571604938271605 0.49722222222222223 0.11604938271604938 0.0
60 0.42407407407407405 0.7296296296296296 0.10987654320987654 0.0
61 0.5222222222222223 0.3768518518518518 0.05185185185185185 0.0
62 0.4722222222222222 0.37592592592592594 0.043209876543209874 0.0
63 0.3845679012345679 0.3435185185185185 0.12222222222222222 0.06851851851851852
64 0.5049382716049383 0.30648148148148147 0.11851851851851852 0.005555555555555556
65 0.6246913580246913 0.3439814814814815 0.09382716049382717 0.058333333333333334
66 0.4469135802469136 0.5671296296296297 0.12345679012345678 0.026851851851851852
67 0.5481481481481482 0.5731481481481482 0.07407407407407407 0.016666666666666666
68 0.6209876543209877 0.5300925925925926 0.06419753086419754 0.05277777777777778
69 0.5265432098765432 0.42824074074074076 0.4802469135802469 0.023148148148148147
