2544 0.016865079365079364 0.4964726631393298 0.027777777777777776 0.07936507936507936
6 0.017857142857142856 0.5493827160493827 0.027777777777777776 0.026455026455026454
1722 0.21180555555555555 0.40476190476190477 0.07043650793650794 0.005291005291005291
2545 0.3090277777777778 0.3871252204585538 0.10615079365079365 0.026455026455026454
2546 0.2296626984126984 0.4964726631393298 0.03869047619047619 0.07231040564373897
2547 0.29712301587301587 0.4964726631393298 0.07043650793650794 0.029982363315696647
6 0.2614087301587302 0.5537918871252204 0.17162698412698413 0.03880070546737213
6 0.26339285714285715 0.3712522045855379 0.028769841269841268 0.019400352733686066
2548 0.5555555555555556 0.3474426807760141 0.23809523809523808 0.07054673721340388
783 0.5500992063492064 0.4109347442680776 0.09027777777777778 0.0
784 0.6944444444444444 0.34832451499118167 0.17063492063492064 0.1146384479717813
6 0.5119047619047619 0.5608465608465608 0.09523809523809523 0.042328042328042326
6 0.6815476190476191 0.5652557319223986 0.16865079365079366 0.054673721340388004
6 0.06696428571428571 0.7848324514991182 0.06646825396825397 0.003527336860670194
