212 0.20055710306406685 0.5602678571428571 0.08356545961002786 0.0
213 0.18454038997214484 0.4799107142857143 0.24094707520891365 0.0
214 0.366991643454039 0.4564732142857143 0.03203342618384401 0.11830357142857142
215 0.4087743732590529 0.3482142857142857 0.04317548746518106 0.0625
216 0.46657381615598886 0.3125 0.06128133704735376 0.004464285714285714
217 0.5167130919220055 0.35714285714285715 0.027855153203342618 0.06696428571428571
218 0.5515320334261838 0.4575892857142857 0.013927576601671309 0.10267857142857142
219 0.43802228412256267 0.7410714285714286 0.05153203342618384 0.026785714285714284
220 0.4672701949860724 0.7868303571428571 0.020891364902506964 0.05133928571428571
221 0.5 0.7109375 0.04735376044568245 0.08258928571428571
