1034 0.324468085106383 0.54 0.11702127659574468 0.0
1035 0.3761398176291793 0.582 0.1534954407294833 0.0
802 0.44072948328267475 0.538 0.1094224924012158 0.0
1036 0.3229483282674772 0.026 0.09878419452887538 0.044
1037 0.26975683890577506 0.15 0.2811550151975684 0.132
34 0.6124620060790273 0.208 0.02127659574468085 0.112
1038 0.3700607902735562 0.479 0.30851063829787234 0.002
1039 0.17325227963525835 0.502 0.06382978723404255 0.228
35 0.2796352583586626 0.665 0.08814589665653495 0.058
1040 0.47796352583586627 0.598 0.24164133738601823 0.192
