2957 0.35621761658031087 0.14051724137931035 0.19430051813471502 0.20862068965517241
1801 0.7461139896373057 0.16206896551724137 0.05699481865284974 0.15172413793103448
2958 0.40932642487046633 0.2818965517241379 0.24870466321243523 0.01896551724137931
2959 0.5854922279792746 0.27327586206896554 0.05699481865284974 0.02586206896551724
1177 0.6930051813471503 0.2689655172413793 0.10621761658031088 0.020689655172413793
1521 0.38860103626943004 0.3353448275862069 0.05699481865284974 0.032758620689655175
2960 0.5518134715025906 0.3275862068965517 0.21761658031088082 0.020689655172413793
6 0.8536269430051814 0.021551724137931036 0.27202072538860106 0.02586206896551724
6 0.5012953367875648 0.5594827586206896 0.09585492227979274 0.015517241379310345
2961 0.4805699481865285 0.6543103448275862 0.07512953367875648 0.01896551724137931
2962 0.4650259067357513 0.7103448275862069 0.07512953367875648 0.013793103448275862
6 0.17875647668393782 0.9879310344827587 0.3471502590673575 0.017241379310344827
6 0.5569948186528497 0.7060344827586207 0.06735751295336788 0.032758620689655175
6 0.5440414507772021 0.6560344827586206 0.05181347150259067 0.02586206896551724
