2772 0.255126953125 0.3701171875 0.39208984375 0.107421875
2773 0.70361328125 0.3583984375 0.46484375 0.10611979166666667
6 0.948974609375 0.19759114583333334 0.04150390625 0.043619791666666664
1913 0.385009765625 0.6142578125 0.04541015625 0.10091145833333333
2774 0.527099609375 0.58203125 0.16552734375 0.032552083333333336
1713 0.2724609375 0.7483723958333334 0.1171875 0.041015625
2775 0.50146484375 0.7457682291666666 0.3193359375 0.068359375
2709 0.72119140625 0.7493489583333334 0.095703125 0.046875
1075 0.226806640625 0.9700520833333334 0.02294921875 0.057291666666666664
2576 0.319580078125 0.9755859375 0.07958984375 0.039713541666666664
2776 0.52783203125 0.9729817708333334 0.240234375 0.041015625
2777 0.767822265625 0.9762369791666666 0.15087890625 0.044921875
215 0.939697265625 0.9736328125 0.11181640625 0.039713541666666664
