2874 0.24270833333333333 0.2078125 0.30625 0.15625
28 0.5536458333333333 0.221875 0.20104166666666667 0.15
331 0.37447916666666664 0.241796875 0.11354166666666667 0.02734375
2875 0.37604166666666666 0.271875 0.0875 0.028125
120 0.24114583333333334 0.3140625 0.06979166666666667 0.0234375
481 0.3494791666666667 0.31484375 0.14479166666666668 0.025
34 0.44375 0.31484375 0.04375 0.025
72 0.5041666666666667 0.31640625 0.07291666666666667 0.021875
2876 0.3020833333333333 0.344921875 0.23958333333333334 0.03046875
28 0.5036458333333333 0.34609375 0.128125 0.028125
