377 0.15605590062111802 0.34709193245778613 0.24378881987577639 0.19136960600375236
118 0.3338509316770186 0.30206378986866794 0.043478260869565216 0.08630393996247655
22 0.42624223602484473 0.38461538461538464 0.05124223602484472 0.10131332082551595
66 0.21428571428571427 0.6463414634146342 0.21739130434782608 0.10694183864915573
1017 0.3695652173913043 0.6322701688555347 0.06832298136645963 0.0975609756097561
377 0.6661490683229814 0.34615384615384615 0.22981366459627328 0.17448405253283303
118 0.8392857142857143 0.31050656660412757 0.03571428571428571 0.08442776735459662
22 0.9270186335403726 0.40150093808630394 0.049689440993788817 0.1125703564727955
2843 0.640527950310559 0.6285178236397748 0.07298136645962733 0.13133208255159476
207 0.7732919254658385 0.6838649155722326 0.15838509316770186 0.024390243902439025
1017 0.8913043478260869 0.5900562851782364 0.049689440993788817 0.11069418386491557
