1875 0.47977288857345635 0.2899610136452242 0.05961674946770759 0.11208576998050682
2812 0.24414478353442157 0.4444444444444444 0.3321504613200852 0.17543859649122806
359 0.47977288857345635 0.3835282651072125 0.1022001419446416 0.07115009746588694
2813 0.7114975159687722 0.4449317738791423 0.2704045422285309 0.19395711500974658
314 0.46628814762242726 0.5048732943469786 0.35911994322214336 0.06042884990253411
6 0.3034066713981547 0.5765107212475633 0.0347764371894961 0.0341130604288499
451 0.48616039744499645 0.5740740740740741 0.3108587650816182 0.04678362573099415
1713 0.15081618168914124 0.716374269005848 0.1256210078069553 0.04093567251461988
2814 0.47906316536550747 0.7168615984405458 0.5095812633073101 0.04580896686159844
2709 0.7998580553584103 0.7236842105263158 0.1022001419446416 0.049707602339181284
