377 0.3121875 0.5243673851921274 0.106875 0.03467666354264293
118 0.3821875 0.5168697282099344 0.035625 0.03655107778819119
2846 0.43625 0.5028116213683224 0.07 0.019681349578256794
1286 0.4965625 0.4901593252108716 0.050625 0.022492970946579195
2848 0.5571875 0.48828491096532334 0.061875 0.033739456419868794
0 0.6021875 0.48500468603561386 0.039375 0.029053420805998126
2847 0.6428125 0.4817244611059044 0.046875 0.028116213683223992
377 0.449375 0.7089971883786317 0.0475 0.23898781630740393
118 0.5096875 0.5749765698219307 0.044375 0.0009372071227741331
2863 0.591875 0.5834114339268979 0.10875 0.08528584817244611
2864 0.5203125 0.8552014995313965 0.124375 0.053420805998125584
2865 0.6103125 0.8139643861293346 0.048125 0.1077788191190253
