584 0.4540625 0.24390243902439024 0.045625 0.0150093808630394
1192 0.5078125 0.23311444652908067 0.039375 0.008442776735459663
2919 0.56375 0.22560975609756098 0.0525 0.0009380863039399625
2920 0.6525 0.23405253283302063 0.10625 0.01594746716697936
0 0.7334375 0.26407129455909945 0.039375 0.04221388367729831
378 0.5125 0.27626641651031897 0.1175 0.01594746716697936
2921 0.66375 0.2804878048780488 0.14 0.02626641651031895
2922 0.4740625 0.3353658536585366 0.209375 0.04596622889305816
2923 0.7159375 0.33911819887429645 0.230625 0.07035647279549719
2924 0.5415625 0.3827392120075047 0.073125 0.01125703564727955
2925 0.6134375 0.3972795497185741 0.058125 0.03470919324577861
2926 0.6615625 0.4024390243902439 0.031875 0.039399624765478425
