2942 0.11397058823529412 0.375 0.11397058823529412 0.20588235294117646
2943 0.27328431372549017 0.2062908496732026 0.17401960784313725 0.10702614379084967
120 0.3952205882352941 0.17687908496732027 0.04044117647058824 0.028594771241830064
2944 0.5416666666666666 0.1809640522875817 0.21446078431372548 0.07107843137254902
2945 0.7628676470588235 0.3672385620915033 0.17279411764705882 0.2769607843137255
377 0.45159313725490197 0.3206699346405229 0.09681372549019608 0.02696078431372549
118 0.4341299019607843 0.3574346405228758 0.017769607843137254 0.022058823529411766
0 0.46170343137254904 0.3545751633986928 0.026348039215686275 0.026143790849673203
2946 0.4111519607843137 0.3929738562091503 0.09681372549019608 0.03431372549019608
774 0.4996936274509804 0.39215686274509803 0.07169117647058823 0.03431372549019608
