451 0.5421875 0.21458333333333332 0.384375 0.05
3234 0.2921875 0.3541666666666667 0.06875 0.11666666666666667
1322 0.6234375 0.32708333333333334 0.175 0.10416666666666667
3235 0.628125 0.45416666666666666 0.434375 0.125
3236 0.41953125 0.5583333333333333 0.4015625 0.09166666666666666
3237 0.86015625 0.5697916666666667 0.2765625 0.08125
3238 0.28984375 0.646875 0.2453125 0.06458333333333334
3239 0.51640625 0.6520833333333333 0.1671875 0.07083333333333333
2287 0.67265625 0.6583333333333333 0.1109375 0.07083333333333333
3240 0.86875 0.6541666666666667 0.240625 0.06666666666666667
