3253 0.19649805447470817 0.3026706231454006 0.3657587548638132 0.5816023738872403
3254 0.5175097276264592 0.6261127596439169 0.10505836575875487 0.26706231454005935
0 0.6235408560311284 0.4169139465875371 0.033073929961089495 0.18694362017804153
3253 0.7422178988326849 0.18694362017804153 0.16536964980544747 0.13649851632047477
1676 0.9231517509727627 0.24925816023738873 0.09533073929961089 0.2195845697329377
482 0.6138132295719845 0.7299703264094956 0.02529182879377432 0.17210682492581603
633 0.7013618677042801 0.8545994065281899 0.07587548638132295 0.0771513353115727
6 0.7898832684824902 0.9272997032640949 0.06614785992217899 0.05637982195845697
1257 0.857976653696498 0.8056379821958457 0.07003891050583658 0.10979228486646884
2578 0.914396887159533 0.6275964391691394 0.03501945525291829 0.22255192878338279
