109 0.365 0.19910179640718562 0.062 0.04491017964071856
3241 0.524 0.19760479041916168 0.208 0.0658682634730539
3242 0.324 0.38023952095808383 0.108 0.07784431137724551
3242 0.679 0.4161676646706587 0.106 0.07784431137724551
3243 0.361 0.6032934131736527 0.282 0.17664670658682635
3243 0.653 0.6212574850299402 0.254 0.1467065868263473
2622 0.306 0.7215568862275449 0.128 0.0658682634730539
3244 0.453 0.7260479041916168 0.122 0.05089820359281437
435 0.563 0.7260479041916168 0.07 0.05089820359281437
3245 0.659 0.7275449101796407 0.098 0.05389221556886228
3246 0.748 0.7365269461077845 0.068 0.041916167664670656
