3207 0.10052219321148825 0.13582677165354332 0.07571801566579635 0.05511811023622047
584 0.2310704960835509 0.13582677165354332 0.16449086161879894 0.051181102362204724
3208 0.40339425587467365 0.13681102362204725 0.14882506527415143 0.0531496062992126
3209 0.716710182767624 0.13976377952755906 0.4308093994778068 0.05905511811023622
3210 0.27154046997389036 0.2047244094488189 0.13577023498694518 0.047244094488188976
3209 0.5822454308093995 0.2047244094488189 0.43342036553524804 0.051181102362204724
558 0.3472584856396867 0.35039370078740156 0.370757180156658 0.20078740157480315
3211 0.4360313315926893 0.6171259842519685 0.29765013054830286 0.13188976377952755
1554 0.4908616187989556 0.8503937007874016 0.2558746736292428 0.03937007874015748
3212 0.27154046997389036 0.9114173228346457 0.21409921671018275 0.05905511811023622
3213 0.5078328981723238 0.9114173228346457 0.16449086161879894 0.06299212598425197
3214 0.7219321148825065 0.90748031496063 0.21148825065274152 0.06299212598425197
