3309 0.4765625 0.18359375 0.29296875 0.08854166666666667
441 0.71240234375 0.330078125 0.1298828125 0.16015625
40 0.525390625 0.3020833333333333 0.111328125 0.11197916666666667
34 0.64111328125 0.3697916666666667 0.0478515625 0.0703125
1548 0.45068359375 0.3515625 0.2763671875 0.22916666666666666
3310 0.6962890625 0.4895833333333333 0.142578125 0.1484375
3311 0.37548828125 0.4134114583333333 0.1689453125 0.12890625
3312 0.56689453125 0.5110677083333334 0.1005859375 0.09765625
3310 0.708984375 0.5852864583333334 0.076171875 0.08203125
493 0.36767578125 0.4733072916666667 0.0224609375 0.053385416666666664
1875 0.70751953125 0.6399739583333334 0.0224609375 0.040364583333333336
