5024 0.28607253086419754 0.3762913223140496 0.09606481481481481 0.07283057851239669
5025 0.5111882716049383 0.38713842975206614 0.32407407407407407 0.09452479338842976
5026 0.35146604938271603 0.512654958677686 0.12037037037037036 0.057334710743801656
5027 0.5389660493827161 0.5235020661157025 0.1597222222222222 0.057334710743801656
6 0.4359567901234568 0.5173037190082644 0.027777777777777776 0.04803719008264463
5028 0.4556327160493827 0.5839359504132231 0.19444444444444445 0.06973140495867769
5029 0.9562114197530864 0.8241219008264463 0.056712962962962965 0.02634297520661157
407 0.933641975308642 0.8768078512396694 0.027777777777777776 0.035640495867768594
4866 0.964891975308642 0.8799070247933884 0.027777777777777776 0.03254132231404959
618 0.9903549382716049 0.8799070247933884 0.016203703703703703 0.035640495867768594
