3381 0.28125 0.15258487654320987 0.1337809917355372 0.02353395061728395
3382 0.5206611570247934 0.1431327160493827 0.3574380165289256 0.020833333333333332
3386 0.30087809917355374 0.29147376543209874 0.23605371900826447 0.07523148148148148
3387 0.5129132231404959 0.294945987654321 0.1559917355371901 0.059027777777777776
3388 0.7223657024793388 0.29899691358024694 0.20919421487603307 0.06712962962962964
3389 0.3261880165289256 0.3873456790123457 0.2897727272727273 0.0763888888888889
3390 0.5299586776859504 0.39371141975308643 0.09917355371900827 0.04436728395061729
3019 0.6335227272727273 0.3856095679012346 0.09762396694214875 0.06365740740740741
3391 0.762396694214876 0.3896604938271605 0.12603305785123967 0.05787037037037037
3392 0.303202479338843 0.4849537037037037 0.1621900826446281 0.06481481481481481
1173 0.49457644628099173 0.4895833333333333 0.10072314049586777 0.05555555555555555
3352 0.6082128099173554 0.4841820987654321 0.08212809917355372 0.05169753086419753
3393 0.7365702479338843 0.4930555555555556 0.10537190082644628 0.06712962962962964
3394 0.39411157024793386 0.5625 0.12603305785123967 0.0625
3395 0.5198863636363636 0.5650077160493827 0.10692148760330579 0.05285493827160494
3393 0.6554752066115702 0.5653935185185185 0.11363636363636363 0.06828703703703703
3396 0.5449380165289256 0.6313657407407407 0.38739669421487605 0.061342592592592594
3397 0.10795454545454546 0.39891975308641975 0.10227272727272728 0.024691358024691357
3398 0.10640495867768596 0.35320216049382713 0.08987603305785125 0.008101851851851851
3399 0.4994834710743802 0.7937885802469136 0.1384297520661157 0.01890432098765432
