125 0.4211087420042644 0.3583535108958838 0.14712153518123666 0.05811138014527845
750 0.5682302771855011 0.3765133171912833 0.13432835820895522 0.05811138014527845
3329 0.7292110874200426 0.4013317191283293 0.1812366737739872 0.06900726392251816
1046 0.39818763326226014 0.4152542372881356 0.13326226012793177 0.012106537530266344
1047 0.646588486140725 0.4400726392251816 0.3422174840085288 0.06658595641646489
1051 0.576226012793177 0.5484261501210653 0.28038379530916846 0.10411622276029056
2150 0.5810234541577826 0.5786924939467313 0.4989339019189765 0.05569007263922518
35 0.57409381663113 0.8032687651331719 0.12473347547974413 0.04963680387409201
3153 0.43976545842217485 0.8208232445520581 0.23134328358208955 0.07263922518159806
2 0.6966950959488273 0.8444309927360775 0.2420042643923241 0.025423728813559324
