3291 0.0675 0.33166666666666667 0.075 0.07666666666666666
3292 0.15375 0.33 0.0625 0.07666666666666666
3293 0.075625 0.5045833333333334 0.03625 0.04583333333333333
3294 0.12125 0.5183333333333333 0.04 0.008333333333333333
3295 0.165625 0.5020833333333333 0.03375 0.014166666666666666
3291 0.355 0.4075 0.275 0.14166666666666666
3292 0.675625 0.41 0.2475 0.14333333333333334
482 0.271875 0.5104166666666666 0.08125 0.034166666666666665
633 0.354375 0.5079166666666667 0.07125 0.029166666666666667
482 0.4525 0.5120833333333333 0.0775 0.034166666666666665
1391 0.591875 0.5129166666666667 0.0775 0.0325
482 0.686875 0.5120833333333333 0.0725 0.030833333333333334
1315 0.765625 0.5145833333333333 0.075 0.03916666666666667
3291 0.865 0.3475 0.06875 0.06833333333333333
3292 0.945625 0.3475 0.055 0.075
3293 0.86875 0.50625 0.03125 0.0425
3294 0.909375 0.5258333333333334 0.0375 0.006666666666666667
3295 0.944375 0.5058333333333334 0.0275 0.01
