3516 0.518359375 0.13577586206896552 0.26640625 0.01867816091954023
6 0.51171875 0.3699712643678161 0.325 0.0014367816091954023
3517 0.508984375 0.6070402298850575 0.13203125 0.21120689655172414
0 0.3890625 0.757183908045977 0.06875 0.022988505747126436
3518 0.549609375 0.7636494252873564 0.22265625 0.007183908045977011
220 0.302734375 0.959051724137931 0.02265625 0.03879310344827586
3519 0.363671875 0.9533045977011494 0.07265625 0.03879310344827586
577 0.432421875 0.951867816091954 0.03828125 0.033045977011494254
3520 0.52265625 0.9497126436781609 0.1171875 0.034482758620689655
3521 0.648828125 0.9468390804597702 0.10859375 0.040229885057471264
