3544 0.415 0.31382978723404253 0.085 0.10851063829787234
343 0.5125 0.2351063829787234 0.095 0.010638297872340425
3545 0.4475 0.4340425531914894 0.06 0.06808510638297872
3546 0.67625 0.2797872340425532 0.0925 0.07872340425531915
3544 0.585 0.4734042553191489 0.13 0.023404255319148935
3547 0.67875 0.4085106382978723 0.0275 0.07659574468085106
3547 0.41125 0.6808510638297872 0.0375 0.09787234042553192
3548 0.535 0.6063829787234043 0.195 0.03404255319148936
3546 0.49875 0.8159574468085107 0.0875 0.04042553191489362
343 0.605 0.8308510638297872 0.07 0.023404255319148935
3549 0.6775 0.7691489361702127 0.045 0.07872340425531915
3546 0.71125 0.6542553191489362 0.0675 0.09148936170212765
