3603 0.13710171568627452 0.06019467213114754 0.22150735294117646 0.1091188524590164
309 0.36412377450980393 0.004866803278688525 0.18290441176470587 0.0015368852459016393
6 0.49004289215686275 0.04328893442622951 0.02849264705882353 0.08145491803278689
451 0.6752450980392157 0.09707991803278689 0.3069852941176471 0.17981557377049182
5014 0.40548406862745096 0.3644979508196721 0.21599264705882354 0.09375
5015 0.3714767156862745 0.42751024590163933 0.03768382352941176 0.02920081967213115
4557 0.4114583333333333 0.4244364754098361 0.034926470588235295 0.02920081967213115
1109 0.44454656862745096 0.4298155737704918 0.027573529411764705 0.03381147540983607
5016 0.7515318627450981 0.654969262295082 0.06801470588235294 0.04456967213114754
5017 0.9041053921568627 0.6933913934426229 0.16727941176470587 0.07223360655737705
748 0.9188112745098039 0.804047131147541 0.15808823529411764 0.056864754098360656
3603 0.9123774509803921 0.5258709016393442 0.07352941176470588 0.02305327868852459
309 0.8402267156862745 0.5450819672131147 0.043198529411764705 0.018442622950819672
451 0.9128370098039216 0.548155737704918 0.07261029411764706 0.018442622950819672
5014 0.8544730392156863 0.5689036885245902 0.07169117647058823 0.0353483606557377
5018 0.7395833333333334 0.6895491803278688 0.029411764705882353 0.015368852459016393
5019 0.7666973039215687 0.688780737704918 0.02297794117647059 0.016905737704918034
5020 0.7326899509803921 0.7064549180327869 0.03400735294117647 0.02151639344262295
248 0.7579656862745098 0.7079918032786885 0.014705882352941176 0.02151639344262295
5021 0.7814031862745098 0.7064549180327869 0.021139705882352942 0.02151639344262295
