3403 0.17816901408450705 0.353125 0.07464788732394366 0.00625
407 0.24647887323943662 0.36796875 0.03943661971830986 0.015625
3404 0.30140845070422534 0.3671875 0.05070422535211268 0.01875
3405 0.18943661971830986 0.380078125 0.0323943661971831 0.01796875
3406 0.2577464788732394 0.51171875 0.14084507042253522 0.0078125
3407 0.27253521126760566 0.557421875 0.13380281690140844 0.03203125
2585 0.27323943661971833 0.56640625 0.17183098591549295 0.0046875
1313 0.7246478873239437 0.515625 0.1591549295774648 0.0
3408 0.676056338028169 0.55390625 0.11830985915492957 0.0109375
3408 0.7929577464788733 0.555859375 0.09295774647887324 0.01171875
3406 0.2323943661971831 0.91015625 0.18309859154929578 0.0421875
3409 0.23873239436619717 0.9421875 0.19295774647887323 0.04375
3410 0.24859154929577465 0.96640625 0.1676056338028169 0.0359375
2818 0.6964788732394366 0.80703125 0.14788732394366197 0.025
