3274 0.6654545454545454 0.1529126213592233 0.33454545454545453 0.009708737864077669
1685 0.5827272727272728 0.2949029126213592 0.1290909090909091 0.055825242718446605
1488 0.7354545454545455 0.2961165048543689 0.13636363636363635 0.043689320388349516
1825 0.5790909090909091 0.3932038834951456 0.1 0.0048543689320388345
1446 0.7227272727272728 0.39684466019417475 0.14363636363636365 0.007281553398058253
3275 0.6609090909090909 0.4441747572815534 0.13272727272727272 0.038834951456310676
3276 0.5654545454545454 0.4429611650485437 0.08363636363636363 0.012135922330097087
1684 0.7118181818181818 0.45145631067961167 0.15818181818181817 0.009708737864077669
3277 0.9172727272727272 0.5631067961165048 0.06727272727272728 0.03398058252427184
3278 0.8872727272727273 0.6177184466019418 0.12363636363636364 0.0412621359223301
3279 0.9 0.6881067961165048 0.10545454545454545 0.0412621359223301
3280 0.8818181818181818 0.7706310679611651 0.10545454545454545 0.03155339805825243
3281 0.8818181818181818 0.7451456310679612 0.09818181818181818 0.03398058252427184
