0 0.184375 0.5317708333333333 0.009375 0.09479166666666666
856 0.244921875 0.375 0.10703125 0.18125
34 0.4078125 0.24479166666666666 0.05 0.00625
3499 0.5484375 0.315625 0.2046875 0.15
3500 0.641015625 0.503125 0.02734375 0.11875
1042 0.285546875 0.7333333333333333 0.10546875 0.15833333333333333
3077 0.408984375 0.7989583333333333 0.06953125 0.020833333333333332
3501 0.48046875 0.8015625 0.053125 0.009375
577 0.40546875 0.8536458333333333 0.034375 0.042708333333333334
2287 0.474609375 0.834375 0.08359375 0.0125
3502 0.569921875 0.7744791666666667 0.10546875 0.096875
3503 0.6359375 0.6802083333333333 0.028125 0.06666666666666667
