3643 0.3450413223140496 0.22665895061728394 0.08161157024793389 0.09375
3644 0.48295454545454547 0.18479938271604937 0.1621900826446281 0.020061728395061727
3593 0.34039256198347106 0.3150077160493827 0.06611570247933884 0.02353395061728395
3645 0.42923553719008267 0.3090277777777778 0.10227272727272728 0.016203703703703703
3646 0.5183367768595041 0.30073302469135804 0.05320247933884298 0.01890432098765432
3643 0.5710227272727273 0.2984182098765432 0.052169421487603305 0.02353395061728395
3647 0.40108471074380164 0.3472222222222222 0.1337809917355372 0.017746913580246913
3648 0.5206611570247934 0.33912037037037035 0.09917355371900827 0.015432098765432098
3643 0.3837809917355372 0.3784722222222222 0.045454545454545456 0.011574074074074073
3649 0.4465392561983471 0.37364969135802467 0.07076446280991736 0.016589506172839507
3650 0.5216942148760331 0.36786265432098764 0.06611570247933884 0.011959876543209876
