6 0.079 0.454 0.032 0.03333333333333333
6 0.0665 0.5286666666666666 0.075 0.028
6 0.073 0.682 0.04 0.068
5083 0.285 0.5346666666666666 0.036 0.042666666666666665
6 0.464 0.6386666666666667 0.118 0.07466666666666667
5084 0.4395 0.7506666666666667 0.025 0.09866666666666667
6 0.2675 0.9826666666666667 0.089 0.021333333333333333
5085 0.931 0.63 0.14 0.11333333333333333
36 0.938 0.7593333333333333 0.064 0.12133333333333333
5086 0.582 0.3506666666666667 0.058 0.018666666666666668
5087 0.52 0.47533333333333333 0.076 0.014666666666666666
5087 0.629 0.46 0.094 0.018666666666666668
5088 0.577 0.48933333333333334 0.132 0.0026666666666666666
3976 0.8865 0.8106666666666666 0.025 0.04
5089 0.794 0.7813333333333333 0.122 0.04533333333333334
5090 0.713 0.6833333333333333 0.028 0.11866666666666667
34 0.693 0.5873333333333334 0.026 0.017333333333333333
209 0.704 0.5493333333333333 0.012 0.04533333333333334
6 0.0155 0.97 0.019 0.03866666666666667
