3569 0.03667355371900827 0.4018595041322314 0.06198347107438017 0.2882231404958678
3570 0.2425103305785124 0.12887396694214875 0.26291322314049587 0.12551652892561985
3571 0.6774276859504132 0.15521694214876033 0.33109504132231404 0.18130165289256198
3572 0.44834710743801653 0.434400826446281 0.6528925619834711 0.17665289256198347
3573 0.46229338842975204 0.6071797520661157 0.3037190082644628 0.035640495867768594
3574 0.4630681818181818 0.6699380165289256 0.2649793388429752 0.030991735537190084
3575 0.4669421487603306 0.7355371900826446 0.27892561983471076 0.03202479338842975
1713 0.2618801652892562 0.8096590909090909 0.19318181818181818 0.09762396694214875
3572 0.44989669421487605 0.8584710743801653 0.12396694214876033 0.0
2709 0.6102789256198347 0.8298037190082644 0.13481404958677687 0.054235537190082644
3576 0.7479338842975206 0.78099173553719 0.09090909090909091 0.015495867768595042
