3662 0.08236882716049383 0.19266528925619836 0.015046296296296295 0.11466942148760331
3663 0.26176697530864196 0.34297520661157027 0.17708333333333334 0.13636363636363635
3664 0.6298225308641975 0.3305785123966942 0.17708333333333334 0.12396694214876033
3665 0.3167438271604938 0.45609504132231404 0.20833333333333334 0.1828512396694215
3666 0.6136188271604939 0.45919421487603307 0.11921296296296297 0.12086776859504132
3667 0.44926697530864196 0.543646694214876 0.24421296296296297 0.07283057851239669
3663 0.2959104938271605 0.6521177685950413 0.22453703703703703 0.07283057851239669
3664 0.5302854938271605 0.6528925619834711 0.18171296296296297 0.08677685950413223
3219 0.6801697530864198 0.6497933884297521 0.041666666666666664 0.04648760330578512
1851 0.09915123456790123 0.7117768595041323 0.020833333333333332 0.02169421487603306
3668 0.8885030864197531 0.809400826446281 0.06018518518518518 0.04648760330578512
1260 0.8989197530864198 0.8527892561983471 0.046296296296296294 0.012396694214876033
3669 0.8948688271604939 0.8768078512396694 0.06597222222222222 0.020144628099173553
3670 0.9000771604938271 0.9240702479338843 0.05787037037037037 0.02169421487603306
3671 0.8989197530864198 0.9651342975206612 0.06481481481481481 0.020144628099173553
3666 0.9076003086419753 0.9868285123966942 0.03819444444444445 0.02324380165289256
