6 0.2351466049382716 0.05010330578512397 0.29976851851851855 0.07747933884297521
3655 0.6755401234567902 0.05242768595041322 0.26851851851851855 0.09762396694214875
3656 0.08757716049382716 0.2809917355371901 0.16898148148148148 0.11466942148760331
3595 0.47415123456790126 0.2856404958677686 0.44907407407407407 0.09917355371900827
3657 0.8427854938271605 0.28331611570247933 0.15393518518518517 0.08212809917355372
618 0.9614197530864198 0.2802169421487603 0.05555555555555555 0.08522727272727272
3592 0.3746141975308642 0.39953512396694213 0.3125 0.10692148760330579
3658 0.45100308641975306 0.512654958677686 0.25462962962962965 0.07902892561983471
1522 0.2808641975308642 0.6017561983471075 0.09259259259259259 0.06198347107438017
3657 0.41570216049382713 0.6033057851239669 0.10532407407407407 0.06818181818181818
3659 0.5140817901234568 0.6040805785123967 0.06365740740740741 0.06973140495867769
3660 0.5997299382716049 0.606404958677686 0.06365740740740741 0.06198347107438017
3661 0.11766975308641975 0.7598140495867769 0.22916666666666666 0.06818181818181818
3595 0.49151234567901236 0.7644628099173554 0.3333333333333333 0.07747933884297521
1522 0.7501929012345679 0.7613636363636364 0.08912037037037036 0.07747933884297521
3657 0.8427854938271605 0.7629132231404959 0.0798611111111111 0.06818181818181818
3659 0.9191743827160493 0.7613636363636364 0.052083333333333336 0.06508264462809918
3660 0.9782021604938271 0.7598140495867769 0.04050925925925926 0.07747933884297521
