3633 0.20542279411764705 0.252859477124183 0.24479166666666666 0.1315359477124183
1754 0.18489583333333334 0.35130718954248363 0.07873774509803921 0.09640522875816994
1756 0.3203125 0.31862745098039214 0.13939950980392157 0.061274509803921566
580 0.22426470588235295 0.5396241830065359 0.05575980392156863 0.061274509803921566
3634 0.2850796568627451 0.5669934640522876 0.05238970588235294 0.010620915032679739
3635 0.34574142156862747 0.5120506535947712 0.04258578431372549 0.08537581699346405
1177 0.2267156862745098 0.5964052287581699 0.06066176470588235 0.035130718954248366
1754 0.2884497549019608 0.6109068627450981 0.04932598039215686 0.011029411764705883
3636 0.3481924019607843 0.5723039215686274 0.047487745098039214 0.061274509803921566
3637 0.16590073529411764 0.5473856209150327 0.08363970588235294 0.190359477124183
1756 0.39828431372549017 0.5110294117647058 0.05269607843137255 0.1968954248366013
1754 0.6907169117647058 0.46629901960784315 0.02297794117647059 0.13766339869281047
1756 0.8071384803921569 0.44669117647058826 0.13449754901960784 0.14665032679738563
6 0.7817095588235294 0.6008986928104575 0.08363970588235294 0.06535947712418301
6 0.7686887254901961 0.4597630718954248 0.05759803921568627 0.024101307189542485
