0 0.35333333333333333 0.6681034482758621 0.0026666666666666666 0.09913793103448276
5173 0.338 0.5334051724137931 0.006666666666666667 0.15732758620689655
2441 0.39266666666666666 0.3588362068965517 0.11066666666666666 0.15732758620689655
2578 0.5593333333333333 0.31896551724137934 0.08933333333333333 0.0603448275862069
816 0.6306666666666667 0.42780172413793105 0.034666666666666665 0.12284482758620689
36 0.6493333333333333 0.5161637931034483 0.018666666666666668 0.07543103448275862
5174 0.6486666666666666 0.6293103448275862 0.030666666666666665 0.15086206896551724
1018 0.43666666666666665 0.4331896551724138 0.108 0.15517241379310345
2979 0.49266666666666664 0.665948275862069 0.204 0.06896551724137931
5175 0.49933333333333335 0.7467672413793104 0.16666666666666666 0.023706896551724137
5176 0.494 0.7758620689655172 0.11333333333333333 0.02586206896551724
5177 0.49666666666666665 0.7984913793103449 0.132 0.032327586206896554
5178 0.49933333333333335 0.8890086206896551 0.324 0.036637931034482756
