2460 0.22362204724409449 0.2813953488372093 0.16692913385826771 0.05116279069767442
1602 0.5976377952755906 0.12441860465116279 0.5275590551181102 0.06279069767441861
20 0.2606299212598425 0.3732558139534884 0.09291338582677165 0.030232558139534883
745 0.3464566929133858 0.36046511627906974 0.06929133858267716 0.04186046511627907
1257 0.4440944881889764 0.3453488372093023 0.07559055118110236 0.03953488372093023
1602 0.5929133858267717 0.32790697674418606 0.2 0.027906976744186046
20 0.2606299212598425 0.49186046511627907 0.08031496062992126 0.044186046511627906
2460 0.7614173228346457 0.5406976744186046 0.05196850393700787 0.02558139534883721
1602 0.8377952755905512 0.5186046511627908 0.09763779527559055 0.013953488372093023
6 0.8228346456692913 0.6244186046511628 0.12755905511811025 0.03953488372093023
3677 0.7464566929133858 0.727906976744186 0.050393700787401574 0.037209302325581395
3678 0.8322834645669291 0.7383720930232558 0.08346456692913386 0.044186046511627906
6 0.17086614173228346 0.48953488372093024 0.03307086614173228 0.02558139534883721
