4036 0.3125 0.296875 0.2015625 0.05
5185 0.533984375 0.25833333333333336 0.20390625 0.010416666666666666
1688 0.788671875 0.28802083333333334 0.15390625 0.03229166666666667
0 0.341015625 0.434375 0.07421875 0.05
5186 0.450390625 0.43072916666666666 0.11953125 0.046875
34 0.526171875 0.43697916666666664 0.02265625 0.021875
5187 0.5796875 0.43333333333333335 0.075 0.05416666666666667
2165 0.72109375 0.4317708333333333 0.046875 0.04479166666666667
0 0.36015625 0.4822916666666667 0.0375 0.0
847 0.467578125 0.49166666666666664 0.13984375 0.04375
3576 0.580859375 0.4817708333333333 0.05390625 0.057291666666666664
116 0.2140625 0.6427083333333333 0.046875 0.08333333333333333
5188 0.3671875 0.6395833333333333 0.234375 0.06666666666666667
577 0.202734375 0.7052083333333333 0.03671875 0.008333333333333333
0 0.22890625 0.7255208333333333 0.046875 0.0010416666666666667
290 0.373828125 0.7203125 0.21171875 0.053125
5189 0.347265625 0.8026041666666667 0.19453125 0.078125
1566 0.787109375 0.6645833333333333 0.02578125 0.027083333333333334
412 0.725390625 0.4822916666666667 0.02421875 0.0625
