4366 0.22181372549019607 0.15885416666666666 0.3464052287581699 0.08363970588235294
577 0.45302287581699346 0.18290441176470587 0.06045751633986928 0.030637254901960783
5123 0.573937908496732 0.18106617647058823 0.12581699346405228 0.02696078431372549
5124 0.7732843137254902 0.18045343137254902 0.23039215686274508 0.023284313725490197
4366 0.38357843137254904 0.43075980392156865 0.07516339869281045 0.06372549019607843
5125 0.5281862745098039 0.39215686274509803 0.15196078431372548 0.00857843137254902
1672 0.4520016339869281 0.585171568627451 0.10825163398692811 0.058823529411764705
1670 0.5655637254901961 0.5955882352941176 0.08292483660130719 0.030637254901960783
5126 0.8596813725490197 0.4007352941176471 0.06413398692810457 0.011029411764705883
3 0.9244281045751634 0.8008578431372549 0.08169934640522876 0.012254901960784314
6 0.8506944444444444 0.42401960784313725 0.06576797385620915 0.013480392156862746
5127 0.306781045751634 0.696078431372549 0.032679738562091505 0.03553921568627451
