3761 0.40299823633156967 0.36507936507936506 0.13580246913580246 0.0873015873015873
3496 0.5934744268077602 0.3353174603174603 0.20987654320987653 0.021825396825396824
3762 0.753968253968254 0.4017857142857143 0.07936507936507936 0.08333333333333333
1851 0.4620811287477954 0.4409722222222222 0.06349206349206349 0.030753968253968252
699 0.6393298059964727 0.44742063492063494 0.06878306878306878 0.02976190476190476
6 0.43209876543209874 0.3933531746031746 0.11992945326278659 0.06448412698412699
6 0.6146384479717814 0.37896825396825395 0.16049382716049382 0.03571428571428571
943 0.5608465608465608 0.466765873015873 0.4444444444444444 0.020833333333333332
359 0.36596119929453264 0.5376984126984127 0.02292768959435626 0.03373015873015873
3763 0.4488536155202822 0.5967261904761905 0.10052910052910052 0.08035714285714286
2079 0.5652557319223986 0.6359126984126984 0.10052910052910052 0.013888888888888888
3764 0.6754850088183422 0.5818452380952381 0.09171075837742504 0.08035714285714286
6 0.5432098765432098 0.5575396825396826 0.23985890652557318 0.05357142857142857
6 0.5388007054673721 0.6021825396825397 0.164021164021164 0.03571428571428571
6 0.5352733686067019 0.6220238095238095 0.14991181657848324 0.02976190476190476
