5361 0.427734375 0.3645833333333333 0.08515625 0.034722222222222224
5362 0.525 0.3506944444444444 0.0625 0.015277777777777777
648 0.598828125 0.3902777777777778 0.06640625 0.05
142 0.4109375 0.5215277777777778 0.0265625 0.03194444444444444
1703 0.45 0.5243055555555556 0.01875 0.02638888888888889
5363 0.483984375 0.5263888888888889 0.03046875 0.030555555555555555
5364 0.520703125 0.5326388888888889 0.03203125 0.02361111111111111
2688 0.551171875 0.5326388888888889 0.01796875 0.02638888888888889
5365 0.581640625 0.5347222222222222 0.03515625 0.025
5366 0.616015625 0.5388888888888889 0.03046875 0.030555555555555555
5367 0.5 0.5631944444444444 0.05 0.03194444444444444
939 0.54921875 0.5666666666666667 0.040625 0.027777777777777776
1057 0.5 0.5972222222222222 0.084375 0.03611111111111111
5368 0.569921875 0.6034722222222222 0.04453125 0.03194444444444444
