5348 0.399234693877551 0.1921768707482993 0.08928571428571429 0.01020408163265306
530 0.4987244897959184 0.15136054421768708 0.10459183673469388 0.003401360544217687
5349 0.6135204081632653 0.17346938775510204 0.09948979591836735 0.047619047619047616
5350 0.2857142857142857 0.3741496598639456 0.09183673469387756 0.08163265306122448
933 0.5051020408163265 0.3656462585034014 0.2602040816326531 0.09863945578231292
109 0.7130102040816326 0.37244897959183676 0.14030612244897958 0.0782312925170068
935 0.4298469387755102 0.5289115646258503 0.11479591836734694 0.04421768707482993
451 0.5727040816326531 0.5272108843537415 0.15051020408163265 0.05442176870748299
5350 0.33290816326530615 0.685374149659864 0.07397959183673469 0.01020408163265306
933 0.4604591836734694 0.7159863945578231 0.14540816326530612 0.0782312925170068
109 0.5867346938775511 0.7142857142857143 0.08163265306122448 0.07482993197278912
5351 0.5293367346938775 0.7925170068027211 0.16071428571428573 0.034013605442176874
5352 0.6492346938775511 0.8316326530612245 0.03316326530612245 0.03741496598639456
5349 0.7882653061224489 0.8078231292517006 0.10714285714285714 0.08503401360544217
5353 0.0663265306122449 0.9387755102040817 0.07142857142857142 0.05442176870748299
5354 0.16454081632653061 0.9421768707482994 0.1096938775510204 0.061224489795918366
5355 0.29464285714285715 0.9455782312925171 0.13010204081632654 0.05442176870748299
5348 0.44005102040816324 0.9472789115646258 0.08418367346938775 0.05102040816326531
436 0.5573979591836735 0.9472789115646258 0.14030612244897958 0.05782312925170068
5356 0.7767857142857143 0.9506802721088435 0.06887755102040816 0.05102040816326531
3105 0.8584183673469388 0.9540816326530612 0.06377551020408163 0.04421768707482993
3407 0.9196428571428571 0.9540816326530612 0.02806122448979592 0.04421768707482993
3842 0.9744897959183674 0.9455782312925171 0.04081632653061224 0.04081632653061224
