415 0.314375 0.273125 0.21625 0.02875
3754 0.60875 0.285625 0.31 0.05125
1489 0.428125 0.379375 0.08875 0.025
1490 0.53 0.385 0.1075 0.02625
653 0.5984375 0.390625 0.025625 0.0225
3755 0.426875 0.4584375 0.10125 0.038125
3756 0.58375 0.4659375 0.19 0.038125
2022 0.74875 0.4746875 0.1125 0.038125
1003 0.45125 0.5034375 0.1475 0.039375
3757 0.593125 0.511875 0.12125 0.03875
3205 0.4125 0.541875 0.0775 0.03125
3758 0.5675 0.550625 0.1575 0.03875
3759 0.7425 0.561875 0.1275 0.04125
1166 0.4075 0.586875 0.07 0.03125
1285 0.475625 0.59 0.03125 0.035
3760 0.569375 0.5965625 0.14375 0.040625
2943 0.69625 0.600625 0.0925 0.03625
