4937 0.094 0.08885542168674698 0.168 0.06325301204819277
5347 0.449 0.04969879518072289 0.158 0.0391566265060241
125 0.658 0.10843373493975904 0.236 0.12048192771084337
35 0.414 0.1536144578313253 0.044 0.024096385542168676
109 0.317 0.2003012048192771 0.114 0.08132530120481928
2822 0.509 0.21234939759036145 0.126 0.06927710843373494
6 0.184 0.43373493975903615 0.036 0.030120481927710843
6 0.176 0.5512048192771084 0.028 0.06626506024096386
29 0.324 0.5933734939759037 0.04 0.006024096385542169
752 0.981 0.49849397590361444 0.034 0.06325301204819277
