2080 0.181640625 0.20572916666666666 0.18203125 0.128125
1531 0.378515625 0.115625 0.18828125 0.03125
3771 0.667578125 0.1875 0.33046875 0.18125
3772 0.444140625 0.31197916666666664 0.36484375 0.096875
3773 0.16640625 0.4734375 0.053125 0.040625
6 0.205859375 0.49114583333333334 0.00703125 0.06145833333333333
3774 0.18046875 0.5463541666666667 0.059375 0.021875
3773 0.415625 0.4786458333333333 0.0234375 0.03854166666666667
3775 0.460546875 0.47760416666666666 0.05234375 0.040625
3776 0.58125 0.5 0.0484375 0.04375
3777 0.692578125 0.4796875 0.08359375 0.009375
699 0.44765625 0.5307291666666667 0.021875 0.021875
6 0.4453125 0.5546875 0.0390625 0.021875
6 0.69453125 0.5614583333333333 0.0609375 0.029166666666666667
3771 0.677734375 0.8494791666666667 0.12890625 0.034375
3717 0.139453125 0.7875 0.04609375 0.0125
3778 0.175 0.9192708333333334 0.0703125 0.03229166666666667
3779 0.526953125 0.8395833333333333 0.04921875 0.027083333333333334
3780 0.526171875 0.9041666666666667 0.05078125 0.03125
3781 0.93671875 0.9567708333333333 0.0328125 0.026041666666666668
