5230 0.09940828402366864 0.26953125 0.09467455621301775 0.0078125
928 0.11183431952662722 0.3092447916666667 0.027218934911242602 0.024739583333333332
5231 0.11065088757396449 0.3294270833333333 0.2118343195266272 0.020833333333333332
6 0.33550295857988166 0.4759114583333333 0.02485207100591716 0.01953125
5232 0.48994082840236686 0.3385416666666667 0.10887573964497041 0.0859375
5233 0.7988165680473372 0.3053385416666667 0.13727810650887573 0.029947916666666668
5234 0.5946745562130178 0.4641927083333333 0.2118343195266272 0.05078125
5235 0.8153846153846154 0.4837239583333333 0.18698224852071005 0.045572916666666664
5236 0.6272189349112426 0.5013020833333334 0.13727810650887573 0.033854166666666664
5237 0.7840236686390533 0.5169270833333334 0.12662721893491125 0.0390625
5238 0.6023668639053255 0.5970052083333334 0.20118343195266272 0.048177083333333336
3986 0.8118343195266272 0.611328125 0.17751479289940827 0.061197916666666664
6 0.7656804733727811 0.7610677083333334 0.10414201183431952 0.10026041666666667
6 0.6372781065088757 0.7526041666666666 0.09822485207100591 0.03125
660 0.4165680473372781 0.810546875 0.016568047337278107 0.022135416666666668
6 0.4526627218934911 0.7766927083333334 0.08402366863905325 0.022135416666666668
