3628 0.2475 0.4216666666666667 0.04 0.17666666666666667
5376 0.33625 0.25333333333333335 0.1225 0.12666666666666668
85 0.485 0.17 0.055 0.02
4242 0.6525 0.225 0.04 0.016666666666666666
5377 0.73875 0.29333333333333333 0.1025 0.14
3628 0.79625 0.6083333333333333 0.0475 0.18333333333333332
5376 0.70875 0.7666666666666667 0.1175 0.12666666666666668
4242 0.385 0.8 0.05 0.02666666666666667
5377 0.29375 0.7316666666666667 0.0875 0.14333333333333334
85 0.50875 0.25166666666666665 0.1375 0.023333333333333334
4242 0.51625 0.45166666666666666 0.0675 0.07666666666666666
5377 0.43625 0.67 0.1775 0.09333333333333334
