1802 0.396484375 0.28591160220994477 0.08984375 0.0055248618784530384
1469 0.394921875 0.5089779005524862 0.03046875 0.029005524861878452
4466 0.578125 0.3308011049723757 0.0359375 0.023480662983425413
5325 0.573828125 0.34599447513812154 0.07109375 0.026243093922651933
5326 0.543359375 0.4281767955801105 0.02890625 0.03038674033149171
5327 0.66640625 0.3708563535911602 0.0296875 0.029005524861878452
6 0.76796875 0.28107734806629836 0.05 0.009668508287292817
6 0.84140625 0.28107734806629836 0.05625 0.015193370165745856
5328 0.80390625 0.3197513812154696 0.028125 0.034530386740331494
1804 0.807421875 0.4509668508287293 0.11328125 0.04005524861878453
5329 0.398046875 0.606353591160221 0.03828125 0.022099447513812154
6 0.44453125 0.6098066298342542 0.046875 0.023480662983425413
5330 0.37421875 0.6795580110497238 0.03125 0.027624309392265192
988 0.58515625 0.5725138121546961 0.0609375 0.031767955801104975
1136 0.64296875 0.5718232044198895 0.034375 0.024861878453038673
5331 0.542578125 0.6850828729281768 0.02734375 0.024861878453038673
5332 0.748046875 0.5566298342541437 0.03828125 0.022099447513812154
215 0.78671875 0.5552486187845304 0.03125 0.022099447513812154
23 0.81875 0.5545580110497238 0.028125 0.020718232044198894
5333 0.866796875 0.5511049723756906 0.05546875 0.022099447513812154
1469 0.7359375 0.6892265193370166 0.0296875 0.03038674033149171
5328 0.739453125 0.7541436464088398 0.03203125 0.03038674033149171
6 0.60546875 0.6077348066298343 0.05 0.008287292817679558
6 0.119140625 0.9661602209944752 0.03515625 0.04005524861878453
6 0.19140625 0.9613259668508287 0.084375 0.03591160220994475
6 0.266796875 0.9599447513812155 0.04765625 0.04143646408839779
