1584 0.5725 0.08724202626641651 0.0725 0.11444652908067542
4992 0.658125 0.16604127579737335 0.04875 0.07692307692307693
1560 0.72125 0.23076923076923078 0.0425 0.0675422138836773
5424 0.463125 0.6069418386491557 0.02375 0.07317073170731707
923 0.516875 0.5647279549718575 0.06625 0.02626641651031895
5424 0.61375 0.5666041275797373 0.09 0.06378986866791744
633 0.69 0.6454033771106942 0.0425 0.0900562851782364
212 0.431875 0.8255159474671669 0.05125 0.0825515947467167
60 0.47625 0.8780487804878049 0.02 0.0075046904315197
1005 0.54375 0.9015009380863039 0.0875 0.058161350844277676
824 0.623125 0.8621013133208255 0.05875 0.028142589118198873
85 0.679375 0.8030018761726079 0.05125 0.0600375234521576
6 0.549375 0.6904315196998124 0.22625 0.01125703564727955
6 0.920625 0.9709193245778611 0.14375 0.039399624765478425
5425 0.2125 0.37617260787992496 0.0875 0.06191369606003752
85 0.216875 0.24671669793621012 0.06875 0.07692307692307693
618 0.370625 0.41088180112570355 0.01625 0.0450281425891182
6 0.37625 0.37617260787992496 0.0475 0.04690431519699812
6 0.214375 0.300187617260788 0.07625 0.0825515947467167
6 0.350625 0.3874296435272045 0.00875 0.07317073170731707
6 0.485625 0.017823639774859287 0.04625 0.016885553470919325
