1075 0.146875 0.3265625 0.0375 0.096875
6 0.1625 0.40572916666666664 0.05625 0.034375
3880 0.284375 0.3223958333333333 0.0390625 0.053125
1853 0.324609375 0.30364583333333334 0.03203125 0.015625
3881 0.3546875 0.34427083333333336 0.0140625 0.05520833333333333
6 0.31640625 0.3645833333333333 0.0609375 0.022916666666666665
3882 0.291015625 0.3859375 0.02265625 0.03229166666666667
394 0.317578125 0.415625 0.02109375 0.01875
1752 0.33671875 0.39166666666666666 0.0203125 0.020833333333333332
3883 0.45625 0.38125 0.0609375 0.03333333333333333
6 0.754296875 0.48125 0.04921875 0.06875
