608 0.0796875 0.15676795580110497 0.01875 0.012430939226519336
678 0.1203125 0.1574585635359116 0.0171875 0.019337016574585635
3842 0.140625 0.15469613259668508 0.01875 0.022099447513812154
608 0.31015625 0.1484806629834254 0.021875 0.015193370165745856
678 0.34765625 0.14502762430939226 0.0171875 0.019337016574585635
3843 0.36640625 0.143646408839779 0.0171875 0.019337016574585635
3844 0.02578125 0.47306629834254144 0.0375 0.04281767955801105
3845 0.02421875 0.6899171270718232 0.04375 0.04281767955801105
3846 0.008984375 0.550414364640884 0.01484375 0.020718232044198894
3846 0.0109375 0.7755524861878453 0.0140625 0.023480662983425413
3847 0.2125 0.17886740331491713 0.09375 0.004143646408839779
246 0.166796875 0.24585635359116023 0.02578125 0.04143646408839779
3848 0.23203125 0.24654696132596685 0.0625 0.015193370165745856
3847 0.18203125 0.4102209944751381 0.1 0.022099447513812154
3849 0.180859375 0.4647790055248619 0.11171875 0.03729281767955801
6 0.178515625 0.4986187845303867 0.11796875 0.0055248618784530384
3850 0.2484375 0.5179558011049724 0.0296875 0.027624309392265192
3847 0.17578125 0.6540055248618785 0.1 0.03729281767955801
3849 0.17109375 0.7161602209944752 0.1171875 0.05386740331491713
6 0.167578125 0.7562154696132597 0.11953125 0.015193370165745856
3850 0.242578125 0.7748618784530387 0.03671875 0.024861878453038673
6 0.368359375 0.39226519337016574 0.08671875 0.013812154696132596
101 0.349609375 0.42679558011049723 0.03984375 0.03038674033149171
3851 0.387890625 0.4281767955801105 0.03359375 0.03314917127071823
3849 0.36484375 0.46685082872928174 0.0484375 0.0
6 0.384765625 0.5324585635359116 0.06171875 0.012430939226519336
6 0.37734375 0.6215469613259669 0.0890625 0.0055248618784530384
101 0.359765625 0.6650552486187845 0.03515625 0.04005524861878453
3851 0.40078125 0.6595303867403315 0.0359375 0.026243093922651933
3849 0.378125 0.7092541436464088 0.0546875 0.006906077348066298
6 0.401953125 0.7769337016574586 0.06640625 0.0013812154696132596
6 0.5453125 0.4972375690607735 0.0796875 0.019337016574585635
101 0.53046875 0.5255524861878453 0.0328125 0.023480662983425413
3851 0.563671875 0.5324585635359116 0.03046875 0.031767955801104975
101 0.550390625 0.6484806629834254 0.03671875 0.029005524861878452
3851 0.587890625 0.6484806629834254 0.03515625 0.029005524861878452
269 0.570703125 0.6968232044198895 0.04609375 0.006906077348066298
6 0.575 0.7589779005524862 0.05625 0.015193370165745856
101 0.691796875 0.4150552486187845 0.03515625 0.034530386740331494
3851 0.730078125 0.4102209944751381 0.03359375 0.024861878453038673
3849 0.71328125 0.45027624309392267 0.0484375 0.013812154696132596
101 0.733984375 0.6429558011049724 0.03671875 0.034530386740331494
3851 0.771875 0.636049723756906 0.0375 0.026243093922651933
3849 0.756640625 0.6857734806629834 0.04921875 0.009668508287292817
3852 0.876953125 0.6678176795580111 0.03515625 0.08977900552486189
1366 0.887890625 0.6484806629834254 0.02734375 0.07044198895027624
1366 0.89453125 0.3294198895027624 0.040625 0.031767955801104975
3852 0.9078125 0.35082872928176795 0.0453125 0.03867403314917127
3853 0.78984375 0.029005524861878452 0.04375 0.04143646408839779
3854 0.775390625 0.03522099447513812 0.03359375 0.04281767955801105
6 0.092578125 0.10220994475138122 0.10546875 0.013812154696132596
6 0.3203125 0.09599447513812155 0.0734375 0.012430939226519336
