4038 0.10416666666666667 0.0515625 0.12291666666666666 0.0
121 0.0140625 0.04609375 0.021875 0.0
309 0.1359375 0.3890625 0.15520833333333334 0.0234375
4039 0.13802083333333334 0.5046875 0.16979166666666667 0.05625
4040 0.15729166666666666 0.54375 0.19791666666666666 0.04375
4041 0.17395833333333333 0.597265625 0.12083333333333333 0.02421875
4042 0.15416666666666667 0.665234375 0.15208333333333332 0.00078125
4043 0.15364583333333334 0.690625 0.146875 0.003125
4044 0.15989583333333332 0.720703125 0.140625 0.00859375
4045 0.22239583333333332 0.732421875 0.08645833333333333 0.00703125
6 0.13229166666666667 0.36171875 0.075 0.009375
6 0.14322916666666666 0.4125 0.071875 0.0125
