4003 0.46125 0.10333333333333333 0.1825 0.065
1725 0.4296875 0.21666666666666667 0.186875 0.05333333333333334
774 0.6103125 0.22958333333333333 0.154375 0.0675
1618 0.4490625 0.28791666666666665 0.098125 0.035833333333333335
750 0.5696875 0.2920833333333333 0.118125 0.0425
1933 0.4328125 0.33708333333333335 0.166875 0.0425
1449 0.6028125 0.33916666666666667 0.153125 0.03166666666666667
1034 0.460625 0.46416666666666667 0.09 0.03333333333333333
235 0.5946875 0.4716666666666667 0.163125 0.043333333333333335
1618 0.4696875 0.5079166666666667 0.085625 0.030833333333333334
2582 0.595625 0.5066666666666667 0.15625 0.03666666666666667
212 0.0446875 0.21416666666666667 0.024375 0.021666666666666667
