3902 0.315625 0.33125 0.103125 0.0
3 0.1625 0.13958333333333334 0.08125 0.0
2578 0.487109375 0.3489583333333333 0.04765625 0.0
3903 0.680078125 0.6239583333333333 0.06015625 0.0
621 0.48828125 0.29791666666666666 0.0734375 0.008333333333333333
1246 0.769140625 0.7 0.06328125 0.027083333333333334
1646 0.82109375 0.6963541666666667 0.0296875 0.036458333333333336
3904 0.867578125 0.6890625 0.04453125 0.030208333333333334
3905 0.819140625 0.7432291666666667 0.16015625 0.015625
1341 0.489453125 0.334375 0.03671875 0.010416666666666666
3906 0.48515625 0.390625 0.0328125 0.0125
6 0.31796875 0.3770833333333333 0.0640625 0.014583333333333334
6 0.487890625 0.40729166666666666 0.05859375 0.004166666666666667
