3892 0.16015625 0.7983310152990264 0.059375 0.0
3893 0.13828125 0.5132127955493742 0.1015625 0.0
3894 0.136328125 0.545201668984701 0.08046875 0.0
3895 0.171875 0.7107093184979137 0.09375 0.0
3896 0.0953125 0.7121001390820584 0.05625 0.0
6 0.302734375 0.7496522948539638 0.06171875 0.0
1639 0.17734375 0.6356050069541029 0.0625 0.0
1563 0.0984375 0.7969401947148818 0.0640625 0.0
3897 0.168359375 0.8442280945757997 0.07109375 0.0
3898 0.08515625 0.7538247566063978 0.040625 0.0
3899 0.094921875 0.8414464534075105 0.05859375 0.0
3900 0.109375 0.631432545201669 0.071875 0.0
43 0.1453125 0.4172461752433936 0.0578125 0.0027816411682892906
3901 0.140625 0.44645340751043117 0.0328125 0.011126564673157162
6 0.1453125 0.6091794158553546 0.1484375 0.03616133518776078
648 0.27421875 0.5535465924895688 0.071875 0.10848400556328233
6 0.31171875 0.6453407510431154 0.071875 0.08623087621696801
1741 0.3140625 0.6926286509040334 0.0484375 0.030598052851182198
6 0.31015625 0.4631432545201669 0.084375 0.061196105702364396
