1581 0.255859375 0.6145833333333334 0.11640625 0.0
1581 0.596484375 0.3697916666666667 0.21796875 0.0
3826 0.259375 0.5510416666666667 0.128125 0.0
3826 0.598828125 0.27708333333333335 0.23359375 0.0
43 0.941015625 0.28541666666666665 0.11015625 0.0
6 0.257421875 0.6666666666666666 0.13046875 0.0
2106 0.59296875 0.540625 0.065625 0.0
6 0.934375 0.50625 0.0953125 0.0
6 0.0578125 0.33125 0.0421875 0.0
6 0.94375 0.428125 0.10625 0.0
6 0.958984375 0.5635416666666667 0.07265625 0.0
6 0.987109375 0.5072916666666667 0.01953125 0.0
3827 0.018359375 0.28541666666666665 0.03046875 0.0125
6 0.078515625 0.25885416666666666 0.05546875 0.134375
3828 0.219140625 0.32864583333333336 0.05234375 0.10729166666666666
6 0.594140625 0.4973958333333333 0.20546875 0.06145833333333333
6 0.938671875 0.3723958333333333 0.11640625 0.08854166666666667
3826 0.456640625 0.29322916666666665 0.07265625 0.146875
43 0.577734375 0.1859375 0.12578125 0.021875
569 0.70078125 0.22552083333333334 0.0875 0.09479166666666666
1581 0.7640625 0.3302083333333333 0.0265625 0.10416666666666667
1581 0.462890625 0.459375 0.03203125 0.10625
569 0.51796875 0.5520833333333334 0.0671875 0.06041666666666667
43 0.61640625 0.578125 0.109375 0.025
3826 0.715234375 0.49166666666666664 0.06328125 0.13125
