3986 0.0625 0.42890625 0.1140625 0.0
3 0.108203125 0.5421875 0.09609375 0.0
3987 0.202734375 0.653125 0.06484375 0.0
3988 0.316015625 0.325 0.12578125 0.0
3989 0.30859375 0.3 0.1046875 0.0
3990 0.761328125 0.34375 0.31796875 0.0
3991 0.460546875 0.325 0.15078125 0.0
3992 0.478515625 0.54765625 0.03828125 0.0
3993 0.467578125 0.30078125 0.14140625 0.0
1377 0.894140625 0.5171875 0.02578125 0.0
1285 0.956640625 0.51796875 0.02890625 0.0
121 0.918359375 0.43828125 0.02421875 0.0
3182 0.603125 0.50859375 0.034375 0.0
3994 0.40703125 0.05078125 0.134375 0.0
220 0.728515625 0.51796875 0.03359375 0.0
3995 0.729296875 0.451171875 0.23828125 0.03359375
1582 0.668359375 0.533984375 0.02734375 0.03984375
1075 0.783984375 0.540234375 0.03046875 0.04296875
3996 0.39921875 0.14375 0.1828125 0.00625
3997 0.322265625 0.099609375 0.03203125 0.03984375
3998 0.36875 0.033203125 0.0859375 0.03984375
120 0.75 0.872265625 0.0765625 0.04921875
3999 0.731640625 0.916796875 0.11328125 0.04921875
6 0.1828125 0.691796875 0.0890625 0.01953125
