1582 0.26666666666666666 0.4074074074074074 0.10277777777777777 0.0
2579 0.75625 0.40370370370370373 0.07916666666666666 0.0
929 0.8736111111111111 0.3962962962962963 0.1388888888888889 0.0
3748 0.50625 0.40185185185185185 0.13472222222222222 0.0
1670 0.3798611111111111 0.40555555555555556 0.09583333333333334 0.0
5448 0.6472222222222223 0.4 0.13055555555555556 0.0
6 0.32083333333333336 0.8814814814814815 0.25 0.0
5449 0.125 0.3592592592592593 0.1388888888888889 0.007407407407407408
6 0.12638888888888888 0.4 0.06388888888888888 0.06666666666666667
6 0.12361111111111112 0.40185185185185185 0.08333333333333333 0.0
6 0.5868055555555556 0.3574074074074074 0.5875 0.06666666666666667
