2246 0.14947916666666666 0.5109375 0.271875 0.0
309 0.4036458333333333 0.5109375 0.171875 0.0
3884 0.315625 0.2109375 0.2875 0.0
3885 0.3953125 0.0828125 0.10729166666666666 0.0
120 0.3015625 0.08125 0.06979166666666667 0.0
3886 0.5119791666666667 0.57890625 0.07604166666666666 0.0
3887 0.365625 0.02734375 0.15833333333333333 0.0
3888 0.39895833333333336 0.11875 0.04791666666666667 0.0
3889 0.32864583333333336 0.1171875 0.07604166666666666 0.0
668 0.5385416666666667 0.16640625 0.1375 0.1109375
3890 0.3625 0.14921875 0.15625 0.0203125
3350 0.26666666666666666 0.190625 0.11458333333333333 0.003125
