4056 0.6484375 0.2791666666666667 0.040625 0.0
1269 0.56015625 0.2902777777777778 0.065625 0.0
4057 0.964453125 0.25416666666666665 0.06015625 0.0
1120 0.622265625 0.5986111111111111 0.04296875 0.0
928 0.61015625 0.2861111111111111 0.021875 0.0
407 0.12265625 0.38333333333333336 0.025 0.0
1120 0.603125 0.40694444444444444 0.0203125 0.0
6 0.80546875 0.4791666666666667 0.03125 0.0
1269 0.466796875 0.48333333333333334 0.05078125 0.002777777777777778
928 0.451953125 0.5375 0.00234375 0.03888888888888889
4056 0.472265625 0.5243055555555556 0.01640625 0.018055555555555554
4058 0.1625 0.2861111111111111 0.090625 0.06388888888888888
6 0.6578125 0.5958333333333333 0.0203125 0.05555555555555555
