4090 0.37265625 0.3458333333333333 0.046875 0.0
583 0.774609375 0.4197916666666667 0.10546875 0.0
4091 0.275 0.459375 0.0375 0.0
6 0.16640625 0.878125 0.1859375 0.0
4092 0.8375 0.22760416666666666 0.1171875 0.015625
3392 0.96796875 0.10833333333333334 0.0578125 0.03333333333333333
4093 0.433984375 0.36770833333333336 0.05390625 0.04583333333333333
1672 0.351953125 0.4296875 0.12890625 0.065625
4094 0.4734375 0.4317708333333333 0.0953125 0.06145833333333333
763 0.8796875 0.4635416666666667 0.065625 0.06875
4095 0.422265625 0.48333333333333334 0.24140625 0.04583333333333333
6 0.818359375 0.54375 0.12890625 0.075
4096 0.374609375 0.5427083333333333 0.06796875 0.022916666666666665
4097 0.32421875 0.5041666666666667 0.140625 0.025
6 0.474609375 0.5130208333333334 0.14609375 0.03229166666666667
