3793 0.5588541666666667 0.8390625 0.121875 0.0
2078 0.5515625 0.79140625 0.10729166666666666 0.0
928 0.3963541666666667 0.63203125 0.07604166666666666 0.0
928 0.3875 0.1703125 0.07083333333333333 0.0
6 0.0546875 0.1828125 0.09270833333333334 0.3609375
3818 0.1984375 0.253515625 0.20729166666666668 0.12421875
1866 0.33697916666666666 0.203125 0.046875 0.028125
3819 0.5234375 0.19921875 0.153125 0.04375
2693 0.6458333333333334 0.26875 0.06875 0.0734375
3818 0.4046875 0.4859375 0.315625 0.0296875
2693 0.18854166666666666 0.557421875 0.06875 0.07421875
3819 0.2828125 0.6234375 0.12604166666666666 0.028125
1866 0.46510416666666665 0.65390625 0.042708333333333334 0.0390625
3818 0.5875 0.55234375 0.19375 0.1
559 0.18229166666666666 0.8390625 0.029166666666666667 0.028125
6 0.35885416666666664 0.8671875 0.07395833333333333 0.0875
