2851 0.4395833333333333 0.80546875 0.2708333333333333 0.0
3491 0.44114583333333335 0.6984375 0.290625 0.0
3795 0.43802083333333336 0.28828125 0.28229166666666666 0.0
3796 0.43802083333333336 0.3828125 0.109375 0.0
353 0.4114583333333333 0.340625 0.11041666666666666 0.0
3797 0.4953125 0.34375 0.046875 0.0
3489 0.4192708333333333 0.279296875 0.20729166666666668 0.00703125
3630 0.4635416666666667 0.415625 0.0625 0.0140625
6 0.4473958333333333 0.4578125 0.023958333333333335 0.046875
3798 0.4708333333333333 0.58125 0.16666666666666666 0.0390625
3799 0.26614583333333336 0.3234375 0.023958333333333335 0.05
3800 0.2682291666666667 0.367578125 0.028125 0.02109375
3801 0.26927083333333335 0.416796875 0.026041666666666668 0.03046875
3802 0.26875 0.4671875 0.025 0.028125
