3812 0.4979166666666667 0.5078125 0.42916666666666664 0.0
1163 0.5015625 0.57578125 0.090625 0.0
6 0.30885416666666665 0.0140625 0.11145833333333334 0.0
821 0.5520833333333334 0.471875 0.06875 0.0
3813 0.46770833333333334 0.47265625 0.08125 0.0
2456 0.3770833333333333 0.44609375 0.14166666666666666 0.0703125
1246 0.6270833333333333 0.44765625 0.15416666666666667 0.059375
43 0.390625 0.5921875 0.125 0.046875
3814 0.5364583333333334 0.61015625 0.12916666666666668 0.01875
621 0.6557291666666667 0.586328125 0.084375 0.02578125
3813 0.37552083333333336 0.95078125 0.34479166666666666 0.0953125
3815 0.7364583333333333 0.93359375 0.2604166666666667 0.1265625
