1995 0.82109375 0.403125 0.0703125 0.0
4065 0.51484375 0.6489583333333333 0.0359375 0.0
787 0.4921875 0.5375 0.0328125 0.0
4066 0.56640625 0.534375 0.0484375 0.0
1741 0.469140625 0.6541666666666667 0.04453125 0.0
4067 0.434765625 0.5427083333333333 0.03203125 0.0
4068 0.573046875 0.584375 0.05078125 0.0
477 0.161328125 0.41354166666666664 0.04765625 0.020833333333333332
248 0.198046875 0.35260416666666666 0.02890625 0.057291666666666664
4069 0.24765625 0.35885416666666664 0.0515625 0.065625
477 0.670703125 0.21979166666666666 0.05859375 0.11666666666666667
248 0.749609375 0.17083333333333334 0.05234375 0.07291666666666667
4069 0.856640625 0.16666666666666666 0.09609375 0.10208333333333333
4070 0.8796875 0.42552083333333335 0.034375 0.028125
4071 0.8828125 0.453125 0.0484375 0.027083333333333334
4072 0.88359375 0.4828125 0.046875 0.030208333333333334
4073 0.84375 0.5046875 0.1171875 0.03854166666666667
4074 0.8484375 0.5307291666666667 0.125 0.036458333333333336
4075 0.846875 0.5604166666666667 0.11875 0.03958333333333333
4076 0.848828125 0.5869791666666667 0.11484375 0.034375
4077 0.84375 0.6208333333333333 0.1171875 0.03333333333333333
4078 0.84453125 0.653125 0.1234375 0.03125
4079 0.8296875 0.6765625 0.0578125 0.021875
6 0.25234375 0.6151041666666667 0.15 0.18020833333333333
268 0.610546875 0.5625 0.03515625 0.058333333333333334
4080 0.6390625 0.5953125 0.03125 0.017708333333333333
6 0.903125 0.7203125 0.0484375 0.036458333333333336
6 0.03359375 0.6635416666666667 0.0515625 0.125
6 0.763671875 0.6630208333333333 0.04765625 0.15520833333333334
6 0.4828125 0.6067708333333334 0.1328125 0.07395833333333333
4081 0.5265625 0.546875 0.03125 0.03125
