4402 0.6451388888888889 0.225 0.31527777777777777 0.0
4403 0.56875 0.177734375 0.17916666666666667 0.07578125
250 0.7402777777777778 0.18125 0.125 0.075
4403 0.5840277777777778 0.311328125 0.14305555555555555 0.04609375
250 0.7152777777777778 0.31328125 0.09444444444444444 0.0421875
2818 0.8270833333333333 0.58359375 0.10138888888888889 0.0109375
6 0.06180555555555556 0.37734375 0.12361111111111112 0.053125
670 0.3055555555555556 0.398828125 0.31666666666666665 0.04453125
1138 0.8444444444444444 0.918359375 0.08333333333333333 0.03515625
1139 0.9159722222222222 0.93125 0.04027777777777778 0.03125
4404 0.8708333333333333 0.945703125 0.1111111111111111 0.03828125
2818 0.8680555555555556 0.961328125 0.1527777777777778 0.05859375
6 0.2 0.437109375 0.13055555555555556 0.02109375
