88 0.5981651376146789 0.34 0.1908256880733945 0.112
346 0.653211009174312 0.518 0.24220183486238533 0.02
309 0.7963302752293578 0.079 0.1577981651376147 0.002
4111 0.7697247706422018 0.197 0.1779816513761468 0.094
2042 0.7770642201834862 0.293 0.10458715596330276 0.002
4492 0.6605504587155964 0.138 0.14678899082568808 0.02
3876 0.6155963302752293 0.202 0.14862385321100918 0.016
4344 0.46788990825688076 0.227 0.13211009174311927 0.018
4493 0.44220183486238535 0.287 0.11743119266055047 0.01
6 0.3146788990825688 0.309 0.10091743119266056 0.002
528 0.355045871559633 0.365 0.20733944954128442 0.054
2424 0.21192660550458717 0.36 0.08990825688073395 0.016
745 0.17889908256880735 0.432 0.163302752293578 0.036
66 0.2944954128440367 0.476 0.4018348623853211 0.036
4303 0.05412844036697248 0.478 0.10458715596330276 0.028
745 0.05596330275229358 0.531 0.09357798165137615 0.01
933 0.4018348623853211 0.693 0.1871559633027523 0.034
6 0.3981651376146789 0.73 0.1871559633027523 0.012
