4360 0.054 0.027597402597402596 0.084 0.03896103896103896
4361 0.258 0.03571428571428571 0.276 0.04220779220779221
3043 0.225 0.2224025974025974 0.098 0.1396103896103896
4362 0.398 0.1737012987012987 0.204 0.05519480519480519
3057 0.232 0.29545454545454547 0.016 0.05844155844155844
1834 0.284 0.2150974025974026 0.12 0.07305194805194805
4363 0.435 0.23782467532467533 0.082 0.11201298701298701
4364 0.346 0.2711038961038961 0.116 0.05194805194805195
4365 0.277 0.3465909090909091 0.11 0.060064935064935064
3248 0.406 0.3474025974025974 0.128 0.06168831168831169
4366 0.047 0.7037337662337663 0.086 0.037337662337662336
4367 0.073 0.8295454545454546 0.122 0.04220779220779221
4368 0.265 0.8319805194805194 0.214 0.056818181818181816
4369 0.179 0.926948051948052 0.314 0.05519480519480519
832 0.378 0.924512987012987 0.064 0.060064935064935064
