4156 0.33541666666666664 0.271875 0.28194444444444444 0.0
4157 0.4215277777777778 0.41015625 0.29305555555555557 0.0
4158 0.4201388888888889 0.38125 0.29305555555555557 0.0
4159 0.4166666666666667 0.3484375 0.2861111111111111 0.0
4160 0.16666666666666666 0.580859375 0.016666666666666666 0.04921875
4161 0.19652777777777777 0.632421875 0.08472222222222223 0.03828125
0 0.26319444444444445 0.66015625 0.034722222222222224 0.046875
378 0.3819444444444444 0.6390625 0.1638888888888889 0.0140625
4162 0.3625 0.686328125 0.1111111111111111 0.01015625
4163 0.3625 0.68671875 0.1527777777777778 0.0375
1381 0.5027777777777778 0.47265625 0.08333333333333333 0.0328125
4164 0.5479166666666667 0.527734375 0.015277777777777777 0.06171875
4165 0.5534722222222223 0.61484375 0.0375 0.059375
4166 0.37777777777777777 0.804296875 0.4388888888888889 0.02734375
1765 0.9534722222222223 0.3765625 0.059722222222222225 0.0234375
