4370 0.37755102040816324 0.1790744466800805 0.19533527696793002 0.07645875251509054
4371 0.5196793002915452 0.16800804828973842 0.06851311953352769 0.05030181086519115
4372 0.6268221574344023 0.1881287726358149 0.10787172011661808 0.06237424547283702
4373 0.4110787172011662 0.22937625754527163 0.10204081632653061 0.028169014084507043
4374 0.5153061224489796 0.23843058350100604 0.07725947521865889 0.05030181086519115
359 0.5852769679300291 0.25251509054325955 0.03644314868804665 0.05030181086519115
1876 0.4686588921282799 0.45875251509054327 0.11224489795918367 0.30181086519114686
4375 0.3053935860058309 0.6730382293762576 0.141399416909621 0.05432595573440644
2878 0.40233236151603496 0.6740442655935613 0.04081632653061224 0.0482897384305835
3294 0.4620991253644315 0.6730382293762576 0.061224489795918366 0.04627766599597585
4376 0.5721574344023324 0.6730382293762576 0.15306122448979592 0.04627766599597585
4377 0.7004373177842566 0.6690140845070423 0.08892128279883382 0.04627766599597585
4375 0.1392128279883382 0.6257545271629779 0.03935860058309038 0.06438631790744467
2878 0.1727405247813411 0.607645875251509 0.021865889212827987 0.012072434607645875
4378 0.20845481049562684 0.6297786720321932 0.04081632653061224 0.06841046277665996
2880 0.17565597667638483 0.7092555331991952 0.048104956268221574 0.006036217303822937
4379 0.13702623906705538 0.6951710261569416 0.0058309037900874635 0.05030181086519115
2552 0.21574344023323616 0.6901408450704225 0.029154518950437316 0.028169014084507043
