6 0.9621794871794872 0.02403846153846154 0.06282051282051282 0.0
6 0.9403846153846154 0.12884615384615383 0.11153846153846154 0.0
6 0.9782051282051282 0.21634615384615385 0.041025641025641026 0.0
6 0.6333333333333333 0.0028846153846153848 0.3282051282051282 0.0
6 0.15384615384615385 0.1596153846153846 0.028205128205128206 0.0
2619 0.28846153846153844 0.44134615384615383 0.3076923076923077 0.2153846153846154
6 0.2955128205128205 0.023557692307692307 0.2423076923076923 0.04326923076923077
4489 0.4846153846153846 0.12115384615384615 0.6615384615384615 0.07884615384615384
645 0.23076923076923078 0.19278846153846155 0.09230769230769231 0.04903846153846154
4490 0.43333333333333335 0.2091346153846154 0.2743589743589744 0.06826923076923076
1295 0.6596153846153846 0.22596153846153846 0.1346153846153846 0.06346153846153846
4491 0.8461538461538461 0.2326923076923077 0.18461538461538463 0.06346153846153846
