4302 0.05063291139240506 0.151171875 0.08720112517580872 0.02109375
4303 0.04430379746835443 0.171875 0.06610407876230662 0.0203125
4271 0.17369901547116737 0.240234375 0.10548523206751055 0.06171875
4304 0.3263009845288326 0.244921875 0.14064697609001406 0.07890625
4305 0.2559774964838256 0.29921875 0.09845288326300984 0.0
6 0.15963431786216598 0.187109375 0.0829817158931083 0.01484375
6 0.09353023909985936 0.335546875 0.046413502109704644 0.02265625
4306 0.20815752461322082 0.334375 0.15752461322081576 0.0140625
6 0.5035161744022504 0.18359375 0.07032348804500703 0.0140625
4271 0.5344585091420534 0.237109375 0.09282700421940929 0.06796875
4304 0.6842475386779184 0.241015625 0.15330520393811534 0.08515625
4307 0.9585091420534458 0.1578125 0.08016877637130802 0.0171875
4308 0.9662447257383966 0.175390625 0.05625879043600562 0.02109375
4305 0.6251758087201125 0.3015625 0.1111111111111111 0.0
6 0.4711673699015471 0.337109375 0.03938115330520394 0.03046875
4306 0.5914205344585092 0.338671875 0.170182841068917 0.01328125
4242 0.03305203938115331 0.566015625 0.04922644163150492 0.02734375
4309 0.12306610407876231 0.5671875 0.09142053445850915 0.0375
4309 0.06469760900140648 0.644921875 0.11251758087201125 0.03984375
4310 0.34247538677918427 0.625 0.13361462728551335 0.0296875
4311 0.42053445850914206 0.56640625 0.12658227848101267 0.0265625
4309 0.5358649789029536 0.569140625 0.08438818565400844 0.03203125
4311 0.9353023909985936 0.549609375 0.12658227848101267 0.03203125
6 0.9690576652601969 0.576953125 0.05063291139240506 0.01640625
4310 0.9472573839662447 0.65 0.10267229254571027 0.0328125
6 0.980309423347398 0.682421875 0.03375527426160337 0.01953125
4312 0.11884669479606189 0.871484375 0.2320675105485232 0.00859375
4313 0.06962025316455696 0.91484375 0.12517580872011252 0.0171875
4314 0.47960618846694797 0.880859375 0.2981715893108298 0.01953125
4313 0.4641350210970464 0.915234375 0.12658227848101267 0.01328125
1322 0.8445850914205345 0.8046875 0.19831223628691982 0.028125
4315 0.7383966244725738 0.83359375 0.10970464135021098 0.0203125
4316 0.8452883263009845 0.948046875 0.2981715893108298 0.04765625
4317 0.7376933895921237 0.870703125 0.06329113924050633 0.01171875
4318 0.779887482419128 0.882421875 0.0970464135021097 0.00859375
6 0.9064697609001406 0.991015625 0.14486638537271448 0.01484375
