4475 0.4168269230769231 0.4987179487179487 0.10865384615384616 0.0
279 0.6052884615384615 0.5474358974358975 0.06826923076923076 0.0
588 0.6879807692307692 0.5435897435897435 0.08557692307692308 0.0
677 0.3346153846153846 0.5474358974358975 0.07307692307692308 0.0
4476 0.5677884615384615 0.49743589743589745 0.05480769230769231 0.0
4477 0.6317307692307692 0.4935897435897436 0.06346153846153846 0.0
4476 0.5019230769230769 0.49743589743589745 0.05384615384615385 0.0
3409 0.43798076923076923 0.5474358974358975 0.11634615384615385 0.0
1517 0.3264423076923077 0.48525641025641025 0.18173076923076922 0.1294871794871795
4478 0.5298076923076923 0.4185897435897436 0.19230769230769232 0.001282051282051282
4479 0.7173076923076923 0.48717948717948717 0.1596153846153846 0.11794871794871795
3057 0.5360576923076923 0.5903846153846154 0.06057692307692308 0.06794871794871794
4480 0.7110576923076923 0.7474358974358974 0.09903846153846153 0.04358974358974359
