927 0.4252336448598131 0.014 0.1321762349799733 0.0
2364 0.5934579439252337 0.22 0.09479305740987984 0.0
2364 0.32176234979973295 0.456 0.06408544726301736 0.0
1152 0.4679572763684913 0.458 0.0520694259012016 0.0
5482 0.3925233644859813 0.456 0.06942590120160214 0.0
1825 0.3184245660881175 0.418 0.0520694259012016 0.0
5483 0.5453938584779706 0.008 0.08411214953271028 0.0
1446 0.5060080106809078 0.42 0.050734312416555405 0.0
347 0.5173564753004005 0.454 0.03337783711615487 0.0
6 0.657543391188251 0.216 0.025367156208277702 0.0
5484 0.33978638184245663 0.169 0.17757009345794392 0.094
2364 0.1835781041388518 0.231 0.09479305740987984 0.058
6 0.25033377837116155 0.236 0.028037383177570093 0.048
5485 0.32777036048064084 0.24 0.1054739652870494 0.06
5486 0.4546061415220294 0.251 0.1295060080106809 0.066
5487 0.17556742323097463 0.291 0.07610146862483311 0.054
752 0.2643524699599466 0.304 0.0774365821094793 0.06
5488 0.4319092122830441 0.317 0.15086782376502003 0.054
5484 0.4152202937249666 0.415 0.11748998664886515 0.006
5487 0.5854472630173565 0.316 0.06809078771695594 0.048
120 0.6468624833110814 0.309 0.03871829105473965 0.046
6 0.7109479305740988 0.17 0.1321762349799733 0.056
