146 0.44875 0.8164794007490637 0.05 0.0
1433 0.57375 0.8277153558052435 0.0525 0.0
4281 0.53625 0.7846441947565543 0.14 0.0
4282 0.555625 0.8595505617977528 0.06375 0.0
1873 0.625625 0.8295880149812734 0.04875 0.0
584 0.51 0.8220973782771536 0.055 0.0
6 0.87625 0.9391385767790262 0.22 0.09550561797752809
4283 0.500625 0.23782771535580524 0.20875 0.1198501872659176
0 0.421875 0.301498127340824 0.03625 0.04868913857677903
889 0.48125 0.31086142322097376 0.0575 0.011235955056179775
120 0.535625 0.3408239700374532 0.03875 0.03745318352059925
4284 0.57375 0.3146067415730337 0.04 0.0149812734082397
4285 0.584375 0.5955056179775281 0.06875 0.052434456928838954
6 0.5025 0.8829588014981273 0.0225 0.04307116104868914
