377 0.39416666666666667 0.2641277641277641 0.425 0.2678132678132678
2476 0.20416666666666666 0.4987714987714988 0.065 0.06388206388206388
2477 0.30583333333333335 0.4975429975429975 0.13833333333333334 0.051597051597051594
4146 0.2275 0.5651105651105651 0.065 0.05896805896805897
2111 0.30916666666666665 0.5577395577395577 0.08833333333333333 0.05896805896805897
4147 0.45166666666666666 0.32555282555282555 0.11 0.12530712530712532
3121 0.5691666666666667 0.33906633906633904 0.07833333333333334 0.1375921375921376
4148 0.5025 0.3538083538083538 0.06833333333333333 0.029484029484029485
4149 0.5016666666666667 0.4226044226044226 0.07666666666666666 0.05896805896805897
4150 0.5 0.47788697788697787 0.21 0.04176904176904177
1548 0.725 0.49385749385749383 0.18333333333333332 0.0687960687960688
4146 0.6808333333333333 0.5601965601965602 0.065 0.05896805896805897
2111 0.7625 0.558968058968059 0.09166666666666666 0.051597051597051594
