4440 0.328101644245142 0.472 0.13303437967115098 0.0
220 0.1681614349775785 0.492 0.061285500747384154 0.004
6 0.22047832585949179 0.451 0.05829596412556054 0.014
4441 0.2600896860986547 0.423 0.04484304932735426 0.03
4442 0.3684603886397608 0.382 0.15396113602391628 0.004
771 0.5508221225710015 0.441 0.17488789237668162 0.13
4443 0.4312406576980568 0.492 0.05530642750373692 0.032
2164 0.49551569506726456 0.486 0.07025411061285501 0.028
6 0.7399103139013453 0.849 0.41853512705530643 0.054
6 0.742152466367713 0.961 0.4200298953662182 0.042
6 0.7690582959641256 0.326 0.13901345291479822 0.048
