85 0.25625 0.40481927710843374 0.05 0.0
6 0.8875 0.9108433734939759 0.134375 0.0
85 0.41953125 0.40481927710843374 0.0453125 0.0
6 0.259375 0.39036144578313253 0.065625 0.033734939759036145
6 0.4265625 0.3927710843373494 0.071875 0.02891566265060241
6 0.096875 0.5771084337349398 0.065625 0.060240963855421686
6 0.5046875 0.5855421686746988 0.04375 0.04819277108433735
4176 0.84765625 0.3409638554216867 0.1765625 0.007228915662650603
85 0.8765625 0.519277108433735 0.06875 0.06506024096385542
6 0.871875 0.9746987951807229 0.125 0.021686746987951807
