226 0.28359375 0.4 0.04635416666666667 0.040625
4640 0.34765625 0.406640625 0.06510416666666667 0.04453125
4641 0.32083333333333336 0.4765625 0.06041666666666667 0.0015625
3723 0.31015625 0.512109375 0.024479166666666666 0.04140625
343 0.3328125 0.515234375 0.014583333333333334 0.03203125
4642 0.30234375 0.59609375 0.044270833333333336 0.009375
226 0.3419270833333333 0.587109375 0.028645833333333332 0.03046875
6 0.2677083333333333 0.508203125 0.004166666666666667 0.13359375
6 0.36666666666666664 0.507421875 0.010416666666666666 0.11953125
4643 0.2559895833333333 0.716796875 0.05260416666666667 0.12734375
4644 0.24869791666666666 0.810546875 0.0109375 0.03828125
4645 0.27760416666666665 0.85546875 0.04479166666666667 0.0203125
226 0.3645833333333333 0.718359375 0.022916666666666665 0.07734375
4640 0.34401041666666665 0.806640625 0.030729166666666665 0.07734375
