4510 0.095 0.37799043062200954 0.11 0.0
4511 0.206 0.9122807017543859 0.108 0.0
1900 0.36 0.29505582137161085 0.192 0.003189792663476874
6 0.354 0.24960127591706538 0.056 0.02711323763955343
4512 0.115 0.42424242424242425 0.19 0.03189792663476874
6 0.2 0.39314194577352474 0.072 0.02073365231259968
1507 0.75 0.4274322169059011 0.256 0.003189792663476874
0 0.758 0.4704944178628389 0.084 0.03827751196172249
4512 0.756 0.518341307814992 0.34 0.0
4513 0.749 0.5821371610845295 0.23 0.003189792663476874
4512 0.671 0.6507177033492823 0.066 0.009569377990430622
4512 0.692 0.6913875598086124 0.044 0.02073365231259968
6 0.618 0.8915470494417863 0.064 0.022328548644338118
6 0.045 0.9393939393939394 0.078 0.028708133971291867
6 0.898 0.9760765550239234 0.016 0.03827751196172249
6 0.587 0.3189792663476874 0.026 0.03508771929824561
