4648 0.48746518105849584 0.822 0.10399257195914577 0.0
4649 0.5436397400185701 0.76 0.04921077065923862 0.0
1576 0.6327762302692664 0.768 0.10863509749303621 0.0
2353 0.4883936861652739 0.29 0.10770659238625813 0.076
1449 0.6606313834726091 0.32 0.17920148560817084 0.136
4650 0.5914577530176416 0.503 0.25069637883008355 0.03
120 0.8704735376044568 0.731 0.06963788300835655 0.17
1080 0.9600742804085423 0.782 0.07799442896935933 0.164
4651 0.9187558031569174 0.883 0.15877437325905291 0.122
3225 0.658774373259053 0.871 0.21448467966573817 0.058
