4739 0.437892095357591 0.832 0.07277289836888332 0.0
3181 0.15119196988707653 0.054 0.20451693851944794 0.084
4740 0.34441656210790467 0.162 0.1191969887076537 0.152
120 0.24278544542032623 0.166 0.053952321204516936 0.072
693 0.1028858218318695 0.152 0.10037641154328733 0.128
6 0.19636135508155583 0.205 0.04642409033877039 0.078
4741 0.31681304893350065 0.258 0.1668757841907152 0.152
1919 0.07590966122961104 0.209 0.06900878293601004 0.074
336 0.1668757841907152 0.253 0.07528230865746549 0.086
34 0.24341279799247176 0.286 0.030112923462986198 0.06
4425 0.3299874529485571 0.329 0.11292346298619825 0.098
4742 0.12484316185696362 0.282 0.18193224592220827 0.096
35 0.24341279799247176 0.335 0.050188205771643665 0.026
4743 0.3312421580928482 0.36 0.11543287327478043 0.04
4744 0.48117942283563364 0.18 0.06148055207026349 0.02
4425 0.6010037641154329 0.289 0.06775407779171895 0.174
3 0.5181932245922208 0.669 0.04767879548306148 0.042
4745 0.8808030112923463 0.48 0.05771643663739021 0.016
4746 0.9491844416562107 0.515 0.053952321204516936 0.062
4366 0.9178168130489335 0.573 0.03638644918444166 0.026
4747 0.9542032622333751 0.585 0.03889585947302384 0.002
4748 0.8964868255959849 0.628 0.06398996235884567 0.068
3181 0.9065244667503137 0.824 0.05144291091593475 0.052
4740 0.9429109159347553 0.829 0.03638644918444166 0.05
693 0.9240903387703889 0.873 0.03889585947302384 0.038
4741 0.9215809284818067 0.92 0.04893350062735257 0.04
4745 0.4366373902132999 0.715 0.15307402760351319 0.086
4425 0.458594730238394 0.798 0.14178168130489335 0.072
4749 0.5100376411543287 0.87 0.043914680050188205 0.044
4750 0.4504391468005019 0.906 0.07528230865746549 0.02
4425 0.5037641154328732 0.92 0.06649937264742785 0.036
34 0.35633626097867 0.781 0.0451693851944793 0.078
34 0.4473023839397742 0.961 0.02383939774153074 0.054
6 0.7823086574654956 0.64 0.053952321204516936 0.096
6 0.8814303638644918 0.565 0.026348808030112924 0.058
