207 0.674375 0.39867109634551495 0.17875 0.0
4611 0.65375 0.5631229235880398 0.125 0.0
4612 0.314375 0.4152823920265781 0.14625 0.0
4613 0.5225 0.5714285714285714 0.0925 0.0
4614 0.36875 0.5681063122923588 0.1925 0.0
118 0.41 0.5232558139534884 0.04 0.0
1322 0.646875 0.5149501661129569 0.06875 0.0
207 0.211875 0.32059800664451826 0.08625 0.06312292358803986
4615 0.30625 0.2632890365448505 0.0575 0.02823920265780731
4616 0.388125 0.22757475083056478 0.05875 0.013289036544850499
4617 0.60375 0.2159468438538206 0.1525 0.026578073089700997
142 0.703125 0.25830564784053156 0.02125 0.05149501661129568
4618 0.793125 0.29900332225913623 0.08625 0.0664451827242525
4619 0.48625 0.4377076411960133 0.135 0.04817275747508306
4620 0.28875 0.5498338870431894 0.1625 0.03322259136212625
4621 0.519375 0.5440199335548173 0.14375 0.03156146179401993
225 0.74625 0.5373754152823921 0.09 0.03156146179401993
