378 0.601953125 0.32825322391559203 0.08046875 0.0
4563 0.55234375 0.26260257913247365 0.034375 0.0
1423 0.370703125 0.32942555685814773 0.06796875 0.0
0 0.312890625 0.3305978898007034 0.03984375 0.0
6 0.848828125 0.712778429073857 0.03515625 0.0
36 0.491796875 0.32708089097303633 0.01953125 0.0
4487 0.4453125 0.32942555685814773 0.0546875 0.0
4488 0.516796875 0.053341148886283704 0.42890625 0.031652989449003514
62 0.4390625 0.264947245017585 0.034375 0.021101992966002344
1093 0.49375 0.2555685814771395 0.0625 0.011723329425556858
0 0.5296875 0.34056271981242675 0.046875 0.0246189917936694
4488 0.681640625 0.5773739742086753 0.05390625 0.008206330597889801
4564 0.169921875 0.7198124267291911 0.02578125 0.02813599062133646
4564 0.15390625 0.9525205158264948 0.025 0.005861664712778429
4564 0.328515625 0.8780773739742087 0.01484375 0.22743259085580306
