365 0.417 0.7900466562986003 0.098 0.0
4549 0.462 0.06376360808709176 0.16 0.02177293934681182
4550 0.449 0.1088646967340591 0.194 0.08709175738724728
365 0.451 0.16174183514774496 0.078 0.03110419906687403
4551 0.335 0.33359253499222397 0.114 0.04510108864696734
901 0.504 0.3499222395023328 0.2 0.05598755832037325
4551 0.368 0.5723172628304821 0.068 0.012441679626749611
901 0.478 0.583203732503888 0.136 0.04354587869362364
4550 0.426 0.6819595645412131 0.284 0.13841368584758942
6 0.168 0.09797822706065319 0.124 0.027993779160186624
