3514 0.3873456790123457 0.19855967078189302 0.1527777777777778 0.06790123456790123
3723 0.5736882716049383 0.20241769547325103 0.16666666666666666 0.07253086419753087
5521 0.4828317901234568 0.2788065843621399 0.21643518518518517 0.07716049382716049
5522 0.4816743827160494 0.3721707818930041 0.34375 0.1095679012345679
1086 0.3966049382716049 0.4624485596707819 0.11342592592592593 0.06790123456790123
5523 0.5655864197530864 0.47016460905349794 0.12962962962962962 0.07407407407407407
4615 0.3902391975308642 0.532664609053498 0.10300925925925926 0.047839506172839504
5524 0.5447530864197531 0.5357510288065843 0.16666666666666666 0.05092592592592592
35 0.4747299382716049 0.5797325102880658 0.0798611111111111 0.040123456790123455
5525 0.4521604938271605 0.6229423868312757 0.1527777777777778 0.04938271604938271
34 0.5655864197530864 0.6260288065843621 0.04398148148148148 0.05246913580246913
5526 0.39371141975308643 0.676954732510288 0.21643518518518517 0.05864197530864197
1687 0.5979938271604939 0.6754115226337448 0.1527777777777778 0.05246913580246913
2529 0.36072530864197533 0.7317386831275721 0.08564814814814815 0.041666666666666664
2002 0.470679012345679 0.7286522633744856 0.10185185185185185 0.05401234567901234
1453 0.5881558641975309 0.7271090534979424 0.10300925925925926 0.05709876543209876
