621 0.6459854014598541 0.33828125 0.03232533889468196 0.0
85 0.6042752867570386 0.33828125 0.03232533889468196 0.0
3 0.2664233576642336 0.5296875 0.04483837330552659 0.0
1870 0.6126173096976016 0.51015625 0.0886339937434828 0.0
309 0.2278415015641293 0.325 0.08237747653806048 0.0375
748 0.3154327424400417 0.331640625 0.0740354535974974 0.03671875
4639 0.2528675703858186 0.705859375 0.15328467153284672 0.00078125
309 0.5604796663190824 0.62265625 0.09906152241918666 0.053125
81 0.6626694473409802 0.601953125 0.06986444212721585 0.00703125
81 0.5208550573514077 0.73671875 0.026068821689259645 0.0546875
309 0.5870698644421272 0.79296875 0.09384775808133472 0.034375
81 0.7168925964546402 0.769921875 0.040667361835245046 0.03359375
309 0.7455683003128258 0.703125 0.008342022940563087 0.0703125
6 0.4874869655891554 0.33828125 0.03441084462982273 0.0171875
6 0.26120959332638166 0.648828125 0.10740354535974973 0.01328125
