553 0.15255731922398588 0.24206349206349206 0.06878306878306878 0.013888888888888888
6 0.17372134038800705 0.25595238095238093 0.12169312169312169 0.015873015873015872
4692 0.23985890652557318 0.3844246031746032 0.10582010582010581 0.05853174603174603
4693 0.5008818342151675 0.3715277777777778 0.3492063492063492 0.06448412698412699
503 0.4559082892416226 0.4027777777777778 0.18871252204585537 0.0
2213 0.8289241622574955 0.3219246031746032 0.12345679012345678 0.028769841269841268
1453 0.9453262786596119 0.32043650793650796 0.08818342151675485 0.025793650793650792
4692 0.3236331569664903 0.5684523809523809 0.0582010582010582 0.00992063492063492
4693 0.35008818342151676 0.5833333333333334 0.10052910052910052 0.005952380952380952
503 0.3439153439153439 0.5967261904761905 0.0564373897707231 0.006944444444444444
1322 0.6843033509700176 0.4632936507936508 0.059964726631393295 0.023809523809523808
6 0.6931216931216931 0.49603174603174605 0.06701940035273368 0.021825396825396824
