959 0.5032840722495895 0.46620370370370373 0.1592775041050903 0.36203703703703705
92 0.37192118226600984 0.549074074074074 0.10344827586206896 0.14814814814814814
1873 0.1748768472906404 0.42314814814814816 0.06732348111658457 0.037037037037037035
146 0.1683087027914614 0.4675925925925926 0.04433497536945813 0.04259259259259259
584 0.1839080459770115 0.5111111111111111 0.019704433497536946 0.06111111111111111
1433 0.23809523809523808 0.5555555555555556 0.042692939244663386 0.044444444444444446
959 0.29310344827586204 0.5921296296296297 0.05747126436781609 0.032407407407407406
6 0.3251231527093596 0.6333333333333333 0.0 0.02962962962962963
4684 0.41625615763546797 0.6407407407407407 0.12643678160919541 0.027777777777777776
4684 0.5336617405582923 0.6555555555555556 0.13136288998357964 0.0
1582 0.9655172413793104 0.5560185185185185 0.0 0.07685185185185185
