2371 0.4217592592592593 0.48848684210526316 0.375 0.10855263157894737
3880 0.8921296296296296 0.2590460526315789 0.06388888888888888 0.05756578947368421
4717 0.8907407407407407 0.34375 0.044444444444444446 0.02631578947368421
4718 0.7481481481481481 0.46381578947368424 0.22407407407407406 0.10526315789473684
1853 0.29444444444444445 0.6291118421052632 0.10555555555555556 0.06085526315789474
4719 0.4148148148148148 0.6134868421052632 0.1259259259259259 0.06907894736842106
4717 0.5546296296296296 0.5953947368421053 0.1425925925925926 0.05592105263157895
627 0.6773148148148148 0.5912828947368421 0.08425925925925926 0.054276315789473686
3337 0.7907407407407407 0.5756578947368421 0.12407407407407407 0.05263157894736842
4718 0.2569444444444444 0.08634868421052631 0.2175925925925926 0.014802631578947368
2371 0.5402777777777777 0.07976973684210527 0.29907407407407405 0.027960526315789474
4717 0.41898148148148145 0.061677631578947366 0.325 0.001644736842105263
