6 0.6806640625 0.625 0.134765625 0.0
6 0.64697265625 0.6746794871794872 0.0751953125 0.0
6 0.046875 0.9503205128205128 0.064453125 0.0
0 0.0615234375 0.38461538461538464 0.0625 0.08333333333333333
4328 0.22998046875 0.32371794871794873 0.2255859375 0.01282051282051282
6 0.369140625 0.39503205128205127 0.0234375 0.07211538461538461
6 0.44775390625 0.53125 0.0029296875 0.08493589743589744
3553 0.26123046875 0.6161858974358975 0.0283203125 0.14262820512820512
4327 0.16015625 0.7580128205128205 0.11328125 0.08012820512820513
4330 0.31298828125 0.780448717948718 0.1376953125 0.07371794871794872
0 0.7529296875 0.20032051282051283 0.02734375 0.060897435897435896
4328 0.75439453125 0.12740384615384615 0.0380859375 0.06891025641025642
954 0.80224609375 0.1891025641025641 0.0048828125 0.057692307692307696
622 0.591796875 0.8325320512820513 0.029296875 0.052884615384615384
482 0.6552734375 0.8381410256410257 0.07421875 0.060897435897435896
4527 0.76904296875 0.8902243589743589 0.0732421875 0.004807692307692308
4528 0.615234375 0.37099358974358976 0.0625 0.04006410256410257
4529 0.68994140625 0.3766025641025641 0.0869140625 0.04807692307692308
0 0.55615234375 0.46153846153846156 0.0478515625 0.028846153846153848
3232 0.61962890625 0.45753205128205127 0.0673828125 0.027243589743589744
748 0.6904296875 0.4567307692307692 0.068359375 0.02564102564102564
73 0.7548828125 0.452724358974359 0.056640625 0.03685897435897436
4530 0.7548828125 0.6322115384615384 0.0859375 0.10737179487179487
4531 0.81787109375 0.6754807692307693 0.0458984375 0.05929487179487179
4532 0.92724609375 0.5905448717948718 0.0517578125 0.07211538461538461
