1855 0.4140625 0.9439071566731141 0.1875 0.0
3 0.5703125 0.965183752417795 0.07291666666666667 0.0
4576 0.74609375 0.9574468085106383 0.1953125 0.0
577 0.6315104166666666 0.9632495164410058 0.033854166666666664 0.0
6 0.4752604166666667 0.5880077369439072 0.033854166666666664 0.0
4577 0.2955729166666667 0.2678916827852998 0.12760416666666666 0.11798839458413926
4578 0.4713541666666667 0.1644100580270793 0.19270833333333334 0.015473887814313346
3097 0.6510416666666666 0.19632495164410058 0.140625 0.11798839458413926
1 0.35546875 0.6295938104448743 0.18489583333333334 0.02127659574468085
4579 0.6002604166666666 0.6025145067698259 0.1953125 0.009671179883945842
3097 0.23307291666666666 0.9738878143133463 0.15364583333333334 0.04061895551257253
4580 0.6979166666666666 0.9342359767891683 0.234375 0.027079303675048357
