4552 0.1625 0.5265625 0.14166666666666666 0.0
6 0.60625 0.64609375 0.075 0.0
1900 0.36041666666666666 0.186328125 0.33125 0.04921875
1350 0.2911458333333333 0.247265625 0.06145833333333333 0.01953125
2671 0.37135416666666665 0.23828125 0.08854166666666667 0.00625
6 0.2677083333333333 0.6375 0.07083333333333333 0.01875
72 0.33645833333333336 0.628515625 0.06041666666666667 0.02578125
494 0.3963541666666667 0.63359375 0.06145833333333333 0.01875
1899 0.75 0.29140625 0.0625 0.0328125
1899 0.8505208333333333 0.357421875 0.06354166666666666 0.03984375
1899 0.7296875 0.420703125 0.053125 0.03515625
1899 0.8244791666666667 0.4953125 0.053125 0.04375
1899 0.7140625 0.545703125 0.046875 0.03828125
1899 0.8083333333333333 0.6265625 0.052083333333333336 0.0453125
1899 0.7041666666666667 0.670703125 0.05625 0.03984375
1899 0.7932291666666667 0.762890625 0.05520833333333333 0.04609375
1899 0.6848958333333334 0.7890625 0.046875 0.046875
6 0.33489583333333334 0.60703125 0.057291666666666664 0.0171875
