0 0.3265086206896552 0.874 0.06896551724137931 0.0
4731 0.27316810344827586 0.934 0.16702586206896552 0.0
4732 0.30441810344827586 0.536 0.11099137931034483 0.0
821 0.2209051724137931 0.532 0.04956896551724138 0.0
0 0.23060344827586207 0.712 0.00646551724137931 0.044
4337 0.2667025862068966 0.66 0.057112068965517244 0.032
207 0.3135775862068966 0.69 0.02586206896551724 0.092
4733 0.5161637931034483 0.741 0.0668103448275862 0.034
0 0.5668103448275862 0.745 0.017241379310344827 0.03
564 0.5317887931034483 0.863 0.04202586206896552 0.07
2154 0.5317887931034483 0.917 0.04418103448275862 0.03
750 0.5290948275862069 0.948 0.04310344827586207 0.024
4734 0.8227370689655172 0.209 0.10021551724137931 0.194
6 0.822198275862069 0.262 0.10775862068965517 0.104
6 0.7995689655172413 0.866 0.05818965517241379 0.224
