4670 0.064453125 0.4609375 0.11328125 0.06076388888888889
3507 0.197265625 0.4609375 0.1484375 0.08159722222222222
217 0.310546875 0.4574652777777778 0.080078125 0.057291666666666664
3535 0.40625 0.4670138888888889 0.1015625 0.0763888888888889
4671 0.51611328125 0.4670138888888889 0.1083984375 0.06944444444444445
2977 0.64990234375 0.3515625 0.0458984375 0.036458333333333336
4672 0.6484375 0.3689236111111111 0.08984375 0.005208333333333333
2977 0.33544921875 0.3090277777777778 0.0537109375 0.04513888888888889
36 0.40283203125 0.296875 0.0517578125 0.04513888888888889
1035 0.498046875 0.2482638888888889 0.146484375 0.013888888888888888
1627 0.59326171875 0.6458333333333334 0.0380859375 0.024305555555555556
6 0.46484375 0.6657986111111112 0.173828125 0.10590277777777778
