3788 0.2040625 0.44916666666666666 0.205625 0.02666666666666667
5357 0.448125 0.4775 0.16 0.015
811 0.606875 0.49583333333333335 0.12375 0.015
670 0.7575 0.5445833333333333 0.125 0.0725
984 0.31 0.6554166666666666 0.07125 0.015833333333333335
56 0.3090625 0.6891666666666667 0.059375 0.023333333333333334
4471 0.308125 0.7570833333333333 0.03 0.0275
5358 0.3084375 0.7841666666666667 0.075625 0.02666666666666667
5359 0.4046875 0.7316666666666667 0.031875 0.04666666666666667
5360 0.4571875 0.7833333333333333 0.020625 0.14
