2043 0.3802083333333333 0.09609375 0.10625 0.0
28 0.24166666666666667 0.8625 0.11041666666666666 0.0
271 0.24583333333333332 0.82734375 0.1625 0.0
1267 0.24479166666666666 0.08828125 0.14791666666666667 0.0
3091 0.2015625 0.89453125 0.09895833333333333 0.0
3907 0.26979166666666665 0.760546875 0.125 0.00078125
3908 0.2677083333333333 0.77421875 0.052083333333333336 0.0328125
147 0.28958333333333336 0.919140625 0.04791666666666667 0.03515625
6 0.3416666666666667 0.910546875 0.01875 0.03203125
6 0.26458333333333334 0.953125 0.20208333333333334 0.0140625
2416 0.25052083333333336 0.791015625 0.030208333333333334 0.01953125
314 0.2864583333333333 0.788671875 0.027083333333333334 0.01953125
