4533 0.23680555555555555 0.6270833333333333 0.07083333333333333 0.0
1017 0.29444444444444445 0.625 0.03888888888888889 0.0
6 0.8625 0.22083333333333333 0.04722222222222222 0.0
4391 0.1527777777777778 0.19895833333333332 0.12777777777777777 0.20625
4534 0.2986111111111111 0.08541666666666667 0.09166666666666666 0.03333333333333333
4535 0.39652777777777776 0.011458333333333333 0.10138888888888889 0.0020833333333333333
4533 0.5715277777777777 0.121875 0.1875 0.19375
347 0.6847222222222222 0.28854166666666664 0.011111111111111112 0.10625
12 0.7222222222222222 0.41041666666666665 0.008333333333333333 0.13333333333333333
6 0.48125 0.175 0.0625 0.07083333333333333
4536 0.29930555555555555 0.6541666666666667 0.09027777777777778 0.029166666666666667
4537 0.35625 0.6322916666666667 0.06805555555555555 0.01875
1017 0.36736111111111114 0.6552083333333333 0.043055555555555555 0.027083333333333334
6 0.9326388888888889 0.5364583333333334 0.034722222222222224 0.11041666666666666
6 0.98125 0.534375 0.02361111111111111 0.11875
4538 0.1625 0.5489583333333333 0.09722222222222222 0.035416666666666666
4535 0.2513888888888889 0.5395833333333333 0.06388888888888888 0.041666666666666664
6 0.19375 0.50625 0.10694444444444444 0.016666666666666666
6 0.35208333333333336 0.875 0.03194444444444444 0.03333333333333333
