0 0.3532608695652174 0.32102908277404923 0.05434782608695652 0.0
1619 0.3004658385093168 0.33501118568232663 0.07608695652173914 0.016778523489932886
34 0.3695652173913043 0.3540268456375839 0.043478260869565216 0.0145413870246085
72 0.4363354037267081 0.3434004474272931 0.08074534161490683 0.013422818791946308
2295 0.358695652173913 0.3674496644295302 0.15217391304347827 0.007829977628635347
2296 0.3610248447204969 0.3987695749440716 0.10093167701863354 0.003355704697986577
2297 0.21195652173913043 0.441834451901566 0.12577639751552794 0.03131991051454139
2298 0.3982919254658385 0.42337807606263983 0.2375776397515528 0.003355704697986577
118 0.18245341614906832 0.5151006711409396 0.08850931677018634 0.039149888143176735
116 0.281055900621118 0.5039149888143176 0.08385093167701864 0.0145413870246085
220 0.3517080745341615 0.5 0.05124223602484472 0.040268456375838924
2299 0.44565217391304346 0.48322147651006714 0.12422360248447205 0.0044742729306487695
220 0.2888198757763975 0.5564876957494407 0.037267080745341616 0.03691275167785235
2300 0.3734472049689441 0.5570469798657718 0.12267080745341614 0.0447427293064877
2301 0.4937888198757764 0.558165548098434 0.13043478260869565 0.03803131991051454
2299 0.2919254658385093 0.5945190156599552 0.06832298136645963 0.0436241610738255
2302 0.3843167701863354 0.5900447427293065 0.08229813664596274 0.03467561521252797
1716 0.5248447204968945 0.5956375838926175 0.17080745341614906 0.04586129753914989
