1905 0.5082101806239737 0.16898148148148148 0.1592775041050903 0.019444444444444445
218 0.5098522167487685 0.17685185185185184 0.1921182266009852 0.001851851851851852
1906 0.5008210180623974 0.22407407407407406 0.11822660098522167 0.0
1907 0.3727422003284072 0.5518518518518518 0.0755336617405583 0.02962962962962963
1581 0.5041050903119869 0.5486111111111112 0.13464696223316913 0.006481481481481481
1908 0.3768472906403941 0.5638888888888889 0.08045977011494253 0.011111111111111112
217 0.45566502463054187 0.5740740740740741 0.07060755336617405 0.003703703703703704
1909 0.5139573070607554 0.5884259259259259 0.042692939244663386 0.019444444444444445
35 0.5656814449917899 0.5851851851851851 0.060755336617405585 0.016666666666666666
1910 0.34811165845648606 0.5777777777777777 0.0755336617405583 0.009259259259259259
220 0.40558292282430214 0.5953703703703703 0.019704433497536946 0.018518518518518517
1911 0.4614121510673235 0.5912037037037037 0.08866995073891626 0.006481481481481481
118 0.5344827586206896 0.6041666666666666 0.047619047619047616 0.013888888888888888
140 0.5886699507389163 0.6050925925925926 0.06732348111658457 0.019444444444444445
1912 0.3160919540229885 0.5893518518518519 0.17898193760262726 0.030555555555555555
1913 0.43267651888341546 0.6212962962962963 0.04433497536945813 0.025925925925925925
335 0.4802955665024631 0.625 0.05090311986863711 0.024074074074074074
1914 0.6042692939244664 0.6106481481481482 0.1839080459770115 0.004629629629629629
1915 0.6839080459770115 0.6995370370370371 0.03776683087027915 0.026851851851851852
