3359 0.5487804878048781 0.222 0.20243902439024392 0.252
2289 0.7871951219512195 0.314 0.08902439024390243 0.22
262 0.5475609756097561 0.542 0.08536585365853659 0.116
3360 0.675 0.566 0.09878048780487805 0.116
147 0.7658536585365854 0.582 0.041463414634146344 0.1
3361 0.3591463414634146 0.4 0.032926829268292684 0.056
3362 0.35853658536585364 0.468 0.07073170731707316 0.088
1315 0.33963414634146344 0.526 0.04024390243902439 0.068
3363 0.37865853658536586 0.536 0.03780487804878049 0.056
3364 0.3475609756097561 0.65 0.05609756097560976 0.06
2289 0.401219512195122 0.654 0.036585365853658534 0.052
577 0.4378048780487805 0.66 0.024390243902439025 0.048
0 0.4719512195121951 0.67 0.02926829268292683 0.052
1019 0.5079268292682927 0.676 0.02804878048780488 0.056
6 0.725609756097561 0.714 0.3804878048780488 0.116
