2791 0.4228515625 0.15299479166666666 0.287109375 0.06640625
1933 0.3876953125 0.2760416666666667 0.267578125 0.0625
802 0.62548828125 0.2727864583333333 0.1455078125 0.05859375
2792 0.34912109375 0.4270833333333333 0.1435546875 0.0703125
2793 0.3115234375 0.47265625 0.056640625 0.020833333333333332
2794 0.36328125 0.4700520833333333 0.041015625 0.0234375
347 0.40283203125 0.4720052083333333 0.0322265625 0.01953125
2795 0.57861328125 0.43359375 0.0986328125 0.046875
2796 0.689453125 0.4309895833333333 0.087890625 0.0390625
2797 0.71533203125 0.4602864583333333 0.0341796875 0.022135416666666668
950 0.341796875 0.6022135416666666 0.115234375 0.07421875
891 0.2958984375 0.7096354166666666 0.04296875 0.0234375
346 0.36572265625 0.7122395833333334 0.0947265625 0.028645833333333332
2798 0.60986328125 0.6477864583333334 0.2119140625 0.05078125
2799 0.607421875 0.6751302083333334 0.03125 0.01953125
348 0.5751953125 0.69921875 0.115234375 0.0234375
2800 0.6728515625 0.6979166666666666 0.07421875 0.0234375
2801 0.23876953125 0.74609375 0.0341796875 0.020833333333333332
34 0.2646484375 0.7513020833333334 0.013671875 0.0234375
0 0.283203125 0.7506510416666666 0.0234375 0.022135416666666668
2802 0.3173828125 0.7486979166666666 0.0546875 0.028645833333333332
891 0.35595703125 0.7473958333333334 0.0205078125 0.028645833333333332
2803 0.38037109375 0.748046875 0.0341796875 0.022135416666666668
36 0.40380859375 0.748046875 0.0146484375 0.01953125
0 0.419921875 0.7486979166666666 0.017578125 0.026041666666666668
378 0.4462890625 0.7493489583333334 0.03515625 0.022135416666666668
