6 0.08321775312066575 0.427734375 0.15256588072122051 0.00234375
378 0.4667128987517337 0.35390625 0.09015256588072122 0.0390625
4331 0.5790568654646324 0.35625 0.10124826629680998 0.0390625
4332 0.8675450762829403 0.201171875 0.1900138696255201 0.05703125
4333 0.5277392510402219 0.39375 0.1955617198335645 0.021875
4334 0.5055478502080444 0.420703125 0.09847434119278779 0.02734375
765 0.579750346740638 0.421484375 0.04160887656033287 0.02109375
190 0.48751733703190014 0.46953125 0.17337031900138697 0.01875
94 0.6171983356449375 0.4703125 0.08599167822468794 0.0171875
4335 0.4445214979195562 0.48359375 0.07073509015256588 0.01875
4336 0.5187239944521498 0.48671875 0.07766990291262135 0.015625
4331 0.6061026352288488 0.484765625 0.11095700416088766 0.01171875
753 0.4348127600554785 0.5046875 0.026352288488210817 0.0203125
336 0.49167822468793343 0.50546875 0.09015256588072122 0.015625
4337 0.5970873786407767 0.505078125 0.1262135922330097 0.01484375
