219 0.14765625 0.23020833333333332 0.125 0.035416666666666666
146 0.28828125 0.1890625 0.109375 0.028125
3782 0.472265625 0.16614583333333333 0.21015625 0.017708333333333333
3783 0.727734375 0.184375 0.27265625 0.05625
3784 0.280078125 0.2682291666666667 0.13203125 0.034375
1366 0.437890625 0.24322916666666666 0.16171875 0.015625
118 0.571875 0.271875 0.0765625 0.075
1909 0.67578125 0.2833333333333333 0.0796875 0.08333333333333333
2080 0.469921875 0.4895833333333333 0.22109375 0.010416666666666666
3771 0.396484375 0.7536458333333333 0.13828125 0.12604166666666666
