5162 0.39625 0.4103333333333333 0.075 0.034666666666666665
5163 0.47675 0.325 0.076 0.02666666666666667
5164 0.58375 0.319 0.112 0.036
5165 0.33275 0.687 0.028 0.025333333333333333
5166 0.39725 0.6863333333333334 0.067 0.024
3136 0.46225 0.689 0.047 0.029333333333333333
5165 0.56275 0.6896666666666667 0.028 0.028
5167 0.63225 0.6856666666666666 0.075 0.02266666666666667
5168 0.69975 0.6823333333333333 0.04 0.029333333333333333
5165 0.33475 0.7183333333333334 0.028 0.029333333333333333
5169 0.39325 0.717 0.075 0.024
5170 0.45425 0.7183333333333334 0.033 0.024
5171 0.62825 0.7216666666666667 0.265 0.025333333333333333
5172 0.53075 0.7576666666666667 0.272 0.02
