5248 0.1275474349964863 0.1809775429326288 0.20871398453970486 0.11889035667107001
2622 0.3158819395643008 0.1083223249669749 0.13703443429374562 0.031704095112285335
449 0.6124385101897399 0.10634081902245707 0.1286015460295151 0.03038309114927345
2949 0.7579058327477161 0.16050198150594452 0.1314125087842586 0.059445178335535004
3906 0.14019676739283204 0.3381770145310436 0.05692199578355587 0.031704095112285335
3304 0.2062543921293043 0.3414795244385733 0.06676036542515812 0.04095112285336856
451 0.31763879128601546 0.34214002642007924 0.12087139845397049 0.03963011889035667
5249 0.4430780042164441 0.3394980184940555 0.10049191848208011 0.031704095112285335
1801 0.5175685172171469 0.34081902245706736 0.035839775122979624 0.031704095112285335
5250 0.5892480674631061 0.3441215323645971 0.08503162333099086 0.03830911492734478
1064 0.7002810962754743 0.34544253632760896 0.11173576950105411 0.03830911492734478
1065 0.7898805340829234 0.35006605019815057 0.060435699226985246 0.036988110964332896
6 0.09241040056219255 0.7655217965653897 0.024595924104005622 0.03302509907529723
5251 0.634574841883345 0.43659180977542933 0.04356992269852424 0.017173051519154558
2945 0.685172171468728 0.4332892998678996 0.036542515811665496 0.010568031704095112
5252 0.7340126493323963 0.43394980184940557 0.04848910751932537 0.01453104359313078
1113 0.6366830639494027 0.45442536327608984 0.028109627547434995 0.018494055482166448
995 0.6890372452565003 0.4583883751651255 0.04708362614195362 0.015852047556142668
2943 0.7315530569219958 0.4511228533685601 0.030920590302178495 0.02774108322324967
6 0.6827125790583275 0.46367239101717306 0.16092761770906536 0.007926023778071334
5253 0.6865776528460998 0.49207397622192867 0.08995080815179199 0.019815059445178335
6 0.573436401967674 0.4610303830911493 0.046380885453267746 0.026420079260237782
