2583 0.1755 0.2555 0.165 0.001
495 0.381 0.2915 0.192 0.065
3484 0.1325 0.4625 0.055 0.061
5426 0.218 0.404 0.098 0.01
6 0.4355 0.4995 0.059 0.037
0 0.1745 0.5625 0.037 0.029
5427 0.264 0.5715 0.108 0.041
6 0.493 0.359 0.02 0.086
34 0.186 0.592 0.024 0.024
5428 0.245 0.594 0.088 0.026
5429 0.184 0.593 0.102 0.102
2447 0.3175 0.6075 0.051 0.055
758 0.851 0.0335 0.114 0.005
43 0.8255 0.09 0.081 0.054
1572 0.8215 0.1135 0.087 0.057
20 0.771 0.1155 0.034 0.039
93 0.8355 0.143 0.055 0.04
2001 0.8025 0.143 0.083 0.01
5430 0.71 0.969 0.06 0.046
6 0.648 0.8385 0.256 0.131
6 0.5575 0.978 0.251 0.032
6 0.9425 0.969 0.081 0.02
6 0.1235 0.368 0.083 0.04
