190 0.26587301587301587 0.3474426807760141 0.025793650793650792 0.05291005291005291
191 0.3030753968253968 0.3236331569664903 0.034722222222222224 0.005291005291005291
192 0.34226190476190477 0.36684303350970016 0.031746031746031744 0.07054673721340388
193 0.3115079365079365 0.4638447971781305 0.12103174603174603 0.007054673721340388
194 0.2926587301587302 0.5335097001763669 0.07936507936507936 0.015873015873015872
195 0.2867063492063492 0.5573192239858906 0.047619047619047616 0.007054673721340388
104 0.2648809523809524 0.6022927689594356 0.027777777777777776 0.02292768959435626
196 0.30654761904761907 0.5925925925925926 0.05357142857142857 0.042328042328042326
0 0.4310515873015873 0.3712522045855379 0.018849206349206348 0.02292768959435626
190 0.4513888888888889 0.32451499118165783 0.037698412698412696 0.042328042328042326
191 0.4955357142857143 0.30423280423280424 0.034722222222222224 0.015873015873015872
192 0.527281746031746 0.36507936507936506 0.0248015873015873 0.08465608465608465
197 0.47767857142857145 0.4479717813051146 0.1378968253968254 0.01763668430335097
198 0.48462301587301587 0.5167548500881834 0.034722222222222224 0.02821869488536155
199 0.4826388888888889 0.54673721340388 0.06845238095238096 0.02821869488536155
6 0.48462301587301587 0.5661375661375662 0.04662698412698413 0.021164021164021163
104 0.4583333333333333 0.5749559082892416 0.03968253968253968 0.031746031746031744
196 0.5029761904761905 0.5758377425044092 0.04563492063492063 0.026455026455026454
0 0.5709325396825397 0.37389770723104054 0.020833333333333332 0.021164021164021163
190 0.5922619047619048 0.3165784832451499 0.03968253968253968 0.047619047619047616
191 0.6344246031746031 0.30070546737213405 0.03869047619047619 0.026455026455026454
192 0.6656746031746031 0.35714285714285715 0.017857142857142856 0.08289241622574955
197 0.6175595238095238 0.43915343915343913 0.12400793650793651 0.003527336860670194
200 0.6274801587301587 0.5079365079365079 0.060515873015873016 0.024691358024691357
199 0.6274801587301587 0.5335097001763669 0.06448412698412699 0.02292768959435626
104 0.6046626984126984 0.562610229276896 0.040674603174603176 0.02821869488536155
196 0.6507936507936508 0.564373897707231 0.037698412698412696 0.021164021164021163
6 0.7906746031746031 0.41534391534391535 0.1349206349206349 0.3932980599647266
201 0.4593253968253968 0.7477954144620811 0.10714285714285714 0.059964726631393295
202 0.4538690476190476 0.7980599647266314 0.11805555555555555 0.0582010582010582
198 0.39732142857142855 0.8192239858906526 0.030753968253968252 0.037037037037037035
200 0.44246031746031744 0.8289241622574955 0.05357142857142857 0.03880070546737213
195 0.4955357142857143 0.8395061728395061 0.040674603174603176 0.03880070546737213
203 0.5049603174603174 0.8809523809523809 0.05555555555555555 0.05114638447971781
