365 0.7955729166666666 0.5017421602787456 0.21614583333333334 0.0
366 0.78515625 0.6097560975609756 0.2526041666666667 0.0
367 0.68359375 0.20905923344947736 0.18489583333333334 0.0
368 0.4440104166666667 0.49825783972125437 0.20572916666666666 0.0
126 0.4153645833333333 0.6097560975609756 0.4348958333333333 0.0
369 0.8671875 0.7282229965156795 0.07291666666666667 0.0
370 0.5325520833333334 0.20209059233449478 0.09114583333333333 0.0
371 0.5026041666666666 0.7386759581881533 0.14583333333333334 0.0
372 0.6419270833333334 0.26480836236933797 0.5338541666666666 0.0
36 0.13541666666666666 0.5993031358885017 0.09375 0.0
373 0.6171875 0.5017421602787456 0.09895833333333333 0.0
366 0.22916666666666666 0.24738675958188153 0.18229166666666666 0.05574912891986063
374 0.19791666666666666 0.45818815331010454 0.171875 0.017421602787456445
