5383 0.2044642857142857 0.1876675603217158 0.0875 0.04825737265415549
254 0.15089285714285713 0.2975871313672922 0.06607142857142857 0.058981233243967826
5384 0.2375 0.2868632707774799 0.08928571428571429 0.058981233243967826
5385 0.36875 0.29088471849865954 0.030357142857142857 0.2225201072386059
5386 0.44821428571428573 0.13672922252010725 0.09285714285714286 0.032171581769437
663 0.6946428571428571 0.19168900804289543 0.07142857142857142 0.05093833780160858
5387 0.7857142857142857 0.1903485254691689 0.10357142857142858 0.04825737265415549
5388 0.6642857142857143 0.2868632707774799 0.09285714285714286 0.04825737265415549
34 0.7294642857142857 0.2935656836461126 0.033928571428571426 0.03485254691689008
0 0.775 0.2868632707774799 0.039285714285714285 0.04825737265415549
3450 0.8392857142857143 0.28150134048257375 0.07142857142857142 0.04825737265415549
5389 0.22410714285714287 0.693029490616622 0.0375 0.045576407506702415
5390 0.3767857142857143 0.660857908847185 0.14285714285714285 0.01876675603217158
2709 0.7535714285714286 0.7198391420911529 0.05 0.05093833780160858
6 0.9473214285714285 0.3002680965147453 0.06964285714285715 0.08579088471849866
