2678 0.0115625 0.3045833333333333 0.019375 0.0125
2020 0.1128125 0.18333333333333332 0.129375 0.045
1727 0.2496875 0.08541666666666667 0.124375 0.04416666666666667
832 0.345 0.07291666666666667 0.03875 0.030833333333333334
2679 0.4278125 0.06166666666666667 0.086875 0.03
2680 0.55875 0.04625 0.12125 0.019166666666666665
2681 0.7046875 0.08166666666666667 0.116875 0.043333333333333335
2682 0.810625 0.15958333333333333 0.08125 0.10083333333333333
377 0.2803125 0.13 0.150625 0.05
118 0.4 0.11 0.04875 0.03166666666666667
2681 0.5009375 0.09125 0.128125 0.009166666666666667
2682 0.6371875 0.11583333333333333 0.098125 0.03166666666666667
2683 0.926875 0.225 0.0425 0.03
2684 0.9275 0.26208333333333333 0.04125 0.024166666666666666
