20 0.1421636615811373 0.5 0.07628294036061026 0.0
21 0.2420249653259362 0.938 0.23439667128987518 0.0
22 0.4486823855755895 0.952 0.09847434119278779 0.0
23 0.602635228848821 0.952 0.1317614424410541 0.0
6 0.840499306518724 0.95 0.29680998613037446 0.0
24 0.38488210818307905 0.323 0.059639389736477116 0.098
25 0.5027739251040222 0.246 0.14285714285714285 0.016
6 0.5908460471567267 0.289 0.008321775312066574 0.07
26 0.6560332871012483 0.33 0.049930651872399444 0.12
27 0.47156726768377255 0.474 0.14424410540915394 0.06
28 0.5887656033287101 0.468 0.07628294036061026 0.064
29 0.0478502080443828 0.951 0.08460471567267684 0.058
6 0.028432732316227463 0.573 0.04299583911234397 0.134
