3858 0.534034034034034 0.6989247311827957 0.5955955955955956 0.0
3859 0.23223223223223224 0.09498207885304659 0.07207207207207207 0.0
142 0.2857857857857858 0.16666666666666666 0.031031031031031032 0.0
3860 0.3153153153153153 0.1057347670250896 0.07207207207207207 0.0
3862 0.3328328328328328 0.19086021505376344 0.03303303303303303 0.034050179211469536
0 0.5255255255255256 0.2222222222222222 0.16616616616616617 0.13261648745519714
6 0.7552552552552553 0.14157706093189965 0.08308308308308308 0.07885304659498207
6 0.8038038038038038 0.0456989247311828 0.08408408408408409 0.016129032258064516
6 0.8143143143143143 0.1111111111111111 0.025025025025025027 0.007168458781362007
3863 0.8423423423423423 0.12365591397849462 0.07707707707707707 0.035842293906810034
3863 0.3898898898898899 0.45698924731182794 0.7017017017017017 0.25089605734767023
6 0.7962962962962963 0.22043010752688172 0.17317317317317318 0.021505376344086023
