4847 0.46944444444444444 0.375390625 0.31666666666666665 0.00859375
878 0.7958333333333333 0.382421875 0.3111111111111111 0.00546875
2589 0.44583333333333336 0.4640625 0.20833333333333334 0.0109375
4848 0.6590277777777778 0.475 0.2013888888888889 0.0453125
4849 0.8347222222222223 0.49140625 0.09444444444444444 0.0515625
4305 0.4888888888888889 0.497265625 0.10833333333333334 0.00703125
6 0.59375 0.5140625 0.04583333333333333 0.04375
4271 0.7090277777777778 0.500390625 0.16805555555555557 0.02109375
653 0.5395833333333333 0.561328125 0.03194444444444444 0.02265625
4849 0.6208333333333333 0.5625 0.10833333333333334 0.0203125
6 0.25277777777777777 0.412890625 0.05555555555555555 0.06015625
6 0.24305555555555555 0.559765625 0.027777777777777776 0.02578125
