359 0.08875 0.10793650793650794 0.029166666666666667 0.006349206349206349
5274 0.09875 0.20238095238095238 0.019166666666666665 0.10634920634920635
3223 0.14875 0.27380952380952384 0.050833333333333335 0.0015873015873015873
1017 0.18916666666666668 0.15396825396825398 0.016666666666666666 0.0761904761904762
5275 0.145 0.10555555555555556 0.03166666666666667 0.026984126984126985
5276 0.20041666666666666 0.8777777777777778 0.0275 0.01904761904761905
1435 0.32708333333333334 0.6365079365079365 0.059166666666666666 0.031746031746031744
3136 0.38333333333333336 0.638095238095238 0.04833333333333333 0.03492063492063492
3222 0.6241666666666666 0.5619047619047619 0.07 0.06984126984126984
3223 0.7179166666666666 0.5698412698412698 0.1075 0.07301587301587302
1017 0.8008333333333333 0.5682539682539682 0.05333333333333334 0.07301587301587302
752 0.98875 0.7174603174603175 0.019166666666666665 0.044444444444444446
