2382 0.141796875 0.1955958549222798 0.15859375 0.015544041450777202
6 0.15859375 0.23186528497409326 0.0796875 0.012953367875647668
2383 0.155078125 0.41321243523316065 0.10859375 0.08808290155440414
6 0.16640625 0.45919689119170987 0.075 0.042746113989637305
2384 0.31875 0.2260362694300518 0.1515625 0.006476683937823834
6 0.329296875 0.12759067357512954 0.10078125 0.03238341968911917
6 0.3328125 0.18069948186528498 0.1109375 0.022020725388601035
6 0.33046875 0.26878238341968913 0.1 0.027202072538860103
528 0.329296875 0.4067357512953368 0.05234375 0.04145077720207254
2385 0.3234375 0.4494818652849741 0.09375 0.06217616580310881
6 0.3296875 0.4734455958549223 0.059375 0.02461139896373057
2386 0.4921875 0.18329015544041452 0.159375 0.014248704663212436
6 0.5 0.21437823834196892 0.0890625 0.006476683937823834
582 0.515234375 0.36658031088082904 0.06015625 0.05181347150259067
528 0.466796875 0.40479274611398963 0.04921875 0.03238341968911917
2385 0.53046875 0.39831606217616583 0.0765625 0.027202072538860103
6 0.5140625 0.44494818652849744 0.078125 0.03238341968911917
2387 0.6546875 0.18199481865284975 0.1515625 0.06347150259067358
6 0.66015625 0.21502590673575128 0.090625 0.03367875647668394
743 0.6796875 0.3542746113989637 0.0921875 0.027202072538860103
528 0.6296875 0.3743523316062176 0.0484375 0.015544041450777202
2385 0.700390625 0.37370466321243523 0.08828125 0.009067357512953367
2388 0.69921875 0.4216321243523316 0.0734375 0.03238341968911917
6 0.68046875 0.45012953367875647 0.1078125 0.014248704663212436
6 0.68125 0.4689119170984456 0.08125 0.018134715025906734
2389 0.859375 0.16709844559585493 0.1515625 0.018134715025906734
6 0.873828125 0.19624352331606218 0.07421875 0.019430051813471502
2390 0.890625 0.37240932642487046 0.1171875 0.009067357512953367
6 0.909765625 0.4209844559585492 0.07265625 0.007772020725388601
2391 0.08515625 0.5997409326424871 0.1421875 0.0
6 0.051953125 0.6567357512953368 0.07890625 0.023316062176165803
2392 0.068359375 0.8613989637305699 0.13359375 0.06476683937823834
6 0.053515625 0.9164507772020726 0.08203125 0.022020725388601035
217 0.250390625 0.5595854922279793 0.02578125 0.018134715025906734
2387 0.294140625 0.5595854922279793 0.06015625 0.018134715025906734
6 0.234765625 0.6036269430051814 0.04921875 0.02849740932642487
1919 0.271875 0.6036269430051814 0.01875 0.015544041450777202
336 0.298046875 0.6062176165803109 0.02890625 0.02849740932642487
6 0.322265625 0.6178756476683938 0.00546875 0.031088082901554404
2387 0.2671875 0.6515544041450777 0.1375 0.038860103626943004
6 0.253515625 0.6949481865284974 0.07734375 0.022020725388601035
528 0.2578125 0.8685233160621761 0.0546875 0.03756476683937824
2385 0.26015625 0.9106217616580311 0.103125 0.04922279792746114
6 0.25546875 0.939119170984456 0.0640625 0.015544041450777202
2387 0.484765625 0.6049222797927462 0.16796875 0.025906735751295335
6 0.487109375 0.6483160621761658 0.09609375 0.019430051813471502
582 0.49765625 0.8270725388601037 0.0625 0.04533678756476684
528 0.44765625 0.8724093264248705 0.0484375 0.04015544041450777
2385 0.520703125 0.8575129533678757 0.08671875 0.0025906735751295338
2393 0.4703125 0.9216321243523317 0.0359375 0.029792746113989636
6 0.49609375 0.9112694300518135 0.0109375 0.02461139896373057
93 0.521875 0.9080310880829016 0.04375 0.023316062176165803
2387 0.661328125 0.6036269430051814 0.14765625 0.054404145077720206
6 0.664453125 0.6522020725388601 0.08359375 0.029792746113989636
743 0.690234375 0.8128238341968912 0.09765625 0.027202072538860103
528 0.639453125 0.8490932642487047 0.04765625 0.03756476683937824
2385 0.716015625 0.8503886010362695 0.09296875 0.042746113989637305
35 0.65078125 0.8873056994818653 0.0390625 0.02849740932642487
2388 0.70859375 0.8847150259067358 0.0796875 0.023316062176165803
6 0.696875 0.9132124352331606 0.1 0.015544041450777202
6 0.69375 0.9417098445595855 0.0875 0.018134715025906734
2386 0.88046875 0.5997409326424871 0.1734375 0.031088082901554404
2394 0.90546875 0.8510362694300518 0.146875 0.05181347150259067
6 0.919140625 0.9067357512953368 0.08203125 0.02072538860103627
6 0.885546875 0.6450777202072538 0.09296875 0.025906735751295335
