226 0.12890625 0.16328125 0.2328125 0.0
3945 0.793359375 0.3125 0.06796875 0.0
226 0.1265625 0.2046875 0.2453125 0.0
3946 0.132421875 0.11953125 0.22265625 0.0
3947 0.80390625 0.02890625 0.0765625 0.0
3948 0.376953125 0.38125 0.08046875 0.0
821 0.33125 0.2765625 0.125 0.0
57 0.2046875 0.26796875 0.065625 0.0
56 0.08125 0.2625 0.0984375 0.0
3364 0.0796875 0.3296875 0.0828125 0.0
1778 0.183203125 0.3296875 0.11640625 0.0
60 0.154296875 0.265625 0.02890625 0.0
3097 0.129296875 0.37265625 0.04765625 0.0
6 0.023046875 0.6703125 0.03359375 0.0
1566 0.04140625 0.02421875 0.059375 0.0375
226 0.187890625 0.034375 0.18359375 0.053125
3949 0.33984375 0.050390625 0.0625 0.05703125
3950 0.065234375 0.087109375 0.04765625 0.03359375
3946 0.165625 0.0828125 0.1140625 0.04375
3951 0.078125 0.3828125 0.0328125 0.015625
125 0.1890625 0.383203125 0.05625 0.01796875
3952 0.05 0.573828125 0.0390625 0.02734375
6 0.02109375 0.644140625 0.0328125 0.02265625
6 0.955859375 0.026171875 0.08359375 0.02265625
6 0.140625 0.559375 0.06875 0.103125
