983 0.255078125 0.3236111111111111 0.04296875 0.0
984 0.96171875 0.5388888888888889 0.0453125 0.0
985 0.4296875 0.36527777777777776 0.053125 0.0
984 0.669921875 0.5305555555555556 0.03984375 0.0
984 0.41796875 0.5125 0.0359375 0.0
984 0.1796875 0.5069444444444444 0.0296875 0.0
6 0.984765625 0.7333333333333333 0.02109375 0.0
986 0.4078125 0.43333333333333335 0.0765625 0.016666666666666666
109 0.4671875 0.43333333333333335 0.0390625 0.027777777777777776
6 0.67109375 0.5736111111111111 0.04375 0.03611111111111111
6 0.96328125 0.5694444444444444 0.046875 0.05
6 0.4171875 0.5666666666666667 0.0359375 0.016666666666666666
