1096 0.6209677419354839 0.2542372881355932 0.14516129032258066 0.0
4348 0.38629032258064516 0.2542372881355932 0.13709677419354838 0.0
1913 0.06854838709677419 0.9055690072639225 0.03064516129032258 0.0
4333 0.4935483870967742 0.5665859564164649 0.15483870967741936 0.0
861 0.11290322580645161 0.1162227602905569 0.19032258064516128 0.2033898305084746
4349 0.5806451612903226 0.05205811138014528 0.45483870967741935 0.03631961259079903
4350 0.9338709677419355 0.08353510895883777 0.054838709677419356 0.01694915254237288
378 0.44516129032258067 0.5084745762711864 0.07096774193548387 0.0774818401937046
4331 0.5379032258064517 0.5036319612590799 0.08225806451612903 0.08232445520581114
4334 0.47419354838709676 0.6573849878934624 0.07741935483870968 0.05569007263922518
553 0.5379032258064517 0.6537530266343826 0.027419354838709678 0.053268765133171914
6 0.4935483870967742 0.7857142857142857 0.1967741935483871 0.04600484261501211
6 0.09516129032258064 0.26997578692493945 0.1 0.10411622276029056
412 0.34274193548387094 0.9297820823244553 0.027419354838709678 0.048426150121065374
