1925 0.42592592592592593 0.23607038123167157 0.1882716049382716 0.09090909090909091
1926 0.6304012345679012 0.34310850439882695 0.09722222222222222 0.25806451612903225
1925 0.4845679012345679 0.3563049853372434 0.2777777777777778 0.026392961876832845
1926 0.4575617283950617 0.530791788856305 0.21141975308641975 0.2404692082111437
1581 0.5979938271604939 0.5601173020527859 0.035493827160493825 0.08797653958944282
6 0.5717592592592593 0.6524926686217009 0.038580246913580245 0.002932551319648094
1584 0.503858024691358 0.6715542521994134 0.06635802469135803 0.03519061583577713
1927 0.4158950617283951 0.6715542521994134 0.0787037037037037 0.02932551319648094
1928 0.3557098765432099 0.6026392961876833 0.047839506172839504 0.09090909090909091
1929 0.3263888888888889 0.5073313782991202 0.010802469135802469 0.09970674486803519
1930 0.3125 0.3841642228739003 0.026234567901234566 0.08797653958944282
