3577 0.32708333333333334 0.244921875 0.28541666666666665 0.07109375
730 0.6479166666666667 0.24453125 0.18958333333333333 0.0625
3578 0.8963541666666667 0.245703125 0.14895833333333333 0.06484375
3577 0.5947916666666667 0.3453125 0.2708333333333333 0.0109375
730 0.5364583333333334 0.3984375 0.014583333333333334 0.03125
3579 0.6140625 0.387890625 0.09895833333333333 0.01796875
2751 0.8734375 0.33203125 0.19479166666666667 0.0234375
730 0.8427083333333333 0.39140625 0.010416666666666666 0.03125
3579 0.9166666666666666 0.384765625 0.10208333333333333 0.02109375
3580 0.7401041666666667 0.512109375 0.140625 0.03984375
3581 0.6333333333333333 0.739453125 0.04791666666666667 0.01640625
