6 0.9583333333333334 0.9551495016611296 0.06777777777777778 0.0
4205 0.045 0.8122923588039868 0.09 0.0
6 0.48777777777777775 0.23920265780730898 0.06222222222222222 0.0
6 0.6116666666666667 0.13953488372093023 0.31444444444444447 0.06312292358803986
1672 0.49 0.2059800664451827 0.07333333333333333 0.029900332225913623
1670 0.5727777777777778 0.20182724252491693 0.06777777777777778 0.044850498338870434
4206 0.74 0.19019933554817275 0.06222222222222222 0.02823920265780731
6 0.5638888888888889 0.2516611295681063 0.056666666666666664 0.02159468438538206
6 0.7394444444444445 0.24086378737541528 0.06555555555555556 0.026578073089700997
6 0.46111111111111114 0.3745847176079734 0.16444444444444445 0.09136212624584718
4207 0.41 0.4335548172757475 0.044444444444444446 0.06976744186046512
4208 0.4588888888888889 0.3911960132890365 0.04 0.024916943521594685
4209 0.5211111111111111 0.37790697674418605 0.06666666666666667 0.008305647840531562
6 0.6711111111111111 0.4161129568106312 0.008888888888888889 0.1744186046511628
4210 0.6311111111111111 0.4568106312292359 0.022222222222222223 0.07308970099667775
4211 0.6605555555555556 0.5681063122923588 0.034444444444444444 0.12624584717607973
6 0.43666666666666665 0.7915282392026578 0.008888888888888889 0.1644518272425249
4212 0.4083333333333333 0.7342192691029901 0.03666666666666667 0.09634551495016612
4213 0.38333333333333336 0.8729235880398671 0.02 0.14119601328903655
4214 0.385 0.978405315614618 0.01888888888888889 0.036544850498338874
4215 0.1622222222222222 0.04568106312292359 0.02 0.07475083056478406
4216 0.11944444444444445 0.0664451827242525 0.04777777777777778 0.12292358803986711
1235 0.09055555555555556 0.19601328903654486 0.16333333333333333 0.21262458471760798
481 0.07388888888888889 0.3014950166112957 0.13444444444444445 0.1777408637873754
4217 0.23277777777777778 0.15033222591362128 0.04777777777777778 0.1212624584717608
4218 0.22333333333333333 0.18023255813953487 0.042222222222222223 0.13122923588039867
4205 0.24055555555555555 0.03903654485049834 0.01888888888888889 0.0681063122923588
104 0.29 0.143687707641196 0.044444444444444446 0.1378737541528239
481 0.28555555555555556 0.19767441860465115 0.04 0.12624584717607973
4219 0.3422222222222222 0.25664451827242524 0.04 0.08471760797342193
4220 0.34444444444444444 0.31727574750830567 0.03333333333333333 0.07973421926910298
104 0.20833333333333334 0.2707641196013289 0.043333333333333335 0.03986710963455149
481 0.20666666666666667 0.31561461794019935 0.044444444444444446 0.03322259136212625
4218 0.25722222222222224 0.4003322259136213 0.07888888888888888 0.08305647840531562
481 0.25277777777777777 0.4601328903654485 0.05444444444444444 0.07308970099667775
481 0.32555555555555554 0.4543189368770764 0.03111111111111111 0.061461794019933555
481 0.1272222222222222 0.49750830564784054 0.04555555555555556 0.061461794019933555
4205 0.028888888888888888 0.5357142857142857 0.042222222222222223 0.07807308970099668
4221 0.021666666666666667 0.5938538205980066 0.034444444444444444 0.0681063122923588
4217 0.14555555555555555 0.6154485049833887 0.09333333333333334 0.054817275747508304
4218 0.13944444444444445 0.6794019933554817 0.08777777777777777 0.06976744186046512
4222 0.22777777777777777 0.5589700996677741 0.044444444444444446 0.011627906976744186
4223 0.26611111111111113 0.5897009966777409 0.025555555555555557 0.06312292358803986
4224 0.24 0.6212624584717608 0.07777777777777778 0.07973421926910298
104 0.23277777777777778 0.7242524916943521 0.06333333333333334 0.08970099667774087
481 0.22722222222222221 0.8014950166112956 0.06111111111111111 0.0946843853820598
4221 0.02 0.9460132890365448 0.03111111111111111 0.08139534883720931
4217 0.16111111111111112 0.8413621262458472 0.07111111111111111 0.061461794019933555
4218 0.14722222222222223 0.8911960132890365 0.058888888888888886 0.07142857142857142
4219 0.3088888888888889 0.7533222591362126 0.051111111111111114 0.044850498338870434
4225 0.30333333333333334 0.8397009966777409 0.04888888888888889 0.05813953488372093
6 0.315 0.11378737541528239 0.10555555555555556 0.20764119601328904
6 0.2677777777777778 0.9393687707641196 0.08888888888888889 0.11129568106312292
6 0.06 0.7242524916943521 0.017777777777777778 0.04983388704318937
6 0.07777777777777778 0.979235880398671 0.013333333333333334 0.04152823920265781
6 0.19944444444444445 0.9709302325581395 0.016666666666666666 0.03820598006644518
4226 0.32 0.5863787375415282 0.044444444444444446 0.0664451827242525
