4821 0.03225806451612903 0.884 0.056925996204933584 0.0
359 0.03984819734345351 0.802 0.04933586337760911 0.0
3631 0.5550284629981025 0.309 0.16129032258064516 0.078
1322 0.6888045540796964 0.28 0.07590132827324478 0.036
1476 0.777988614800759 0.337 0.06072106261859583 0.078
949 0.6451612903225806 0.445 0.269449715370019 0.058
4822 0.5521821631878557 0.803 0.04174573055028463 0.138
802 0.4573055028462998 0.789 0.03795066413662239 0.082
4823 0.3206831119544592 0.679 0.07590132827324478 0.038
6 0.8472485768500949 0.954 0.22960151802656548 0.024
6 0.45825426944971537 0.909 0.04743833017077799 0.138
