133 0.6751937984496124 0.834 0.14418604651162792 0.0
134 0.3201550387596899 0.828 0.11007751937984496 0.0
118 0.575968992248062 0.834 0.04186046511627907 0.0
135 0.4875968992248062 0.836 0.13178294573643412 0.0
6 0.40232558139534885 0.828 0.03255813953488372 0.0
136 0.31627906976744186 0.214 0.20155038759689922 0.06
34 0.4744186046511628 0.227 0.05581395348837209 0.066
137 0.6682170542635659 0.223 0.29147286821705426 0.082
118 0.29069767441860467 0.367 0.10387596899224806 0.046
138 0.562015503875969 0.309 0.4325581395348837 0.042
136 0.5155038759689923 0.473 0.5038759689922481 0.018
34 0.28604651162790695 0.69 0.08217054263565891 0.052
139 0.43643410852713177 0.619 0.20930232558139536 0.022
118 0.5844961240310077 0.652 0.05891472868217054 0.084
140 0.7 0.647 0.12868217054263567 0.054
6 0.5023255813953489 0.925 0.23255813953488372 0.03
