450 0.3390625 0.10520833333333333 0.234375 0.05625
6 0.1703125 0.26458333333333334 0.165625 0.1
6 0.08515625 0.7322916666666667 0.0671875 0.06041666666666667
6 0.4296875 0.490625 0.221875 0.06875
450 0.53125 0.5635416666666667 0.046875 0.03125
6 0.4921875 0.715625 0.215625 0.08958333333333333
6 0.50859375 0.78125 0.4140625 0.004166666666666667
6 0.428125 0.8364583333333333 0.071875 0.03125
5391 0.5390625 0.8302083333333333 0.125 0.022916666666666665
6 0.76171875 0.7760416666666666 0.0140625 0.027083333333333334
6 0.78671875 0.96875 0.3859375 0.04583333333333333
6 0.88984375 0.8927083333333333 0.1359375 0.06875
6 0.95703125 0.7291666666666666 0.0390625 0.09166666666666666
6 0.915625 0.16458333333333333 0.10625 0.2791666666666667
6 0.9453125 0.8135416666666667 0.015625 0.05625
6 0.06015625 0.9270833333333334 0.0328125 0.075
6 0.6359375 0.9041666666666667 0.034375 0.07083333333333333
