1752 0.4513888888888889 0.4283950617283951 0.03611111111111111 0.0
1753 0.4125 0.4283950617283951 0.03425925925925926 0.0
1754 0.4305555555555556 0.37160493827160496 0.027777777777777776 0.0
1755 0.39444444444444443 0.6481481481481481 0.03333333333333333 0.0
6 0.43148148148148147 0.45925925925925926 0.04259259259259259 0.0
6 0.42916666666666664 0.4030864197530864 0.030555555555555555 0.018518518518518517
1754 0.6287037037037037 0.458641975308642 0.03518518518518519 0.10740740740740741
1756 0.7217592592592592 0.4283950617283951 0.08981481481481482 0.07901234567901234
1757 0.6925925925925925 0.4666666666666667 0.044444444444444446 0.014814814814814815
6 0.6810185185185185 0.5703703703703704 0.058333333333333334 0.04691358024691358
6 0.3587962962962963 0.6388888888888888 0.16203703703703703 0.025925925925925925
118 0.2865740740740741 0.6561728395061729 0.017592592592592594 0.013580246913580247
1758 0.32314814814814813 0.6580246913580247 0.053703703703703705 0.01728395061728395
1754 0.3638888888888889 0.6604938271604939 0.025925925925925925 0.014814814814814815
1759 0.42916666666666664 0.6598765432098765 0.030555555555555555 0.013580246913580247
6 0.3768518518518518 0.7561728395061729 0.2 0.17407407407407408
6 0.6884259259259259 0.5185185185185185 0.06018518518518518 0.044444444444444446
