2554 0.43067226890756305 0.25576923076923075 0.14425770308123248 0.03461538461538462
2581 0.6085434173669467 0.2548076923076923 0.16946778711484595 0.028846153846153848
5002 0.41526610644257705 0.33557692307692305 0.15266106442577032 0.05961538461538462
2949 0.5987394957983193 0.3192307692307692 0.14425770308123248 0.026923076923076925
3906 0.3228291316526611 0.4307692307692308 0.12184873949579832 0.08076923076923077
3304 0.4369747899159664 0.4 0.07282913165266107 0.023076923076923078
5003 0.6512605042016807 0.4048076923076923 0.08403361344537816 0.07884615384615384
5004 0.49089635854341734 0.44519230769230766 0.05742296918767507 0.032692307692307694
6 0.07142857142857142 0.5759615384615384 0.06722689075630252 0.10961538461538461
6 0.8109243697478992 0.551923076923077 0.0700280112044818 0.10384615384615385
6 0.5189075630252101 0.7961538461538461 0.037815126050420166 0.11153846153846154
