209 0.11916666666666667 0.051875 0.06833333333333333 0.04125
2687 0.5758333333333333 0.035625 0.135 0.05375
2688 0.205 0.060625 0.06666666666666667 0.03375
2689 0.3775 0.08125 0.23833333333333334 0.05
2690 0.24166666666666667 0.1 0.26666666666666666 0.0675
2691 0.5808333333333333 0.13 0.375 0.0725
2692 0.2791666666666667 0.16 0.24166666666666667 0.06
2693 0.44416666666666665 0.17125 0.065 0.0275
2694 0.5925 0.184375 0.21166666666666667 0.04625
2695 0.21916666666666668 0.2 0.22833333333333333 0.05
2696 0.44166666666666665 0.218125 0.17333333333333334 0.04625
121 0.5525 0.225 0.03166666666666667 0.0275
832 0.5883333333333334 0.225625 0.03333333333333333 0.03125
2697 0.6875 0.230625 0.14833333333333334 0.04625
666 0.5975 0.271875 0.058333333333333334 0.03625
2698 0.6858333333333333 0.273125 0.10166666666666667 0.04375
2699 0.9375 0.295 0.08833333333333333 0.025
2700 0.16166666666666665 0.395 0.14 0.1975
36 0.295 0.30375 0.07 0.025
2701 0.48 0.3425 0.25666666666666665 0.1275
2702 0.33666666666666667 0.6225 0.21333333333333335 0.0225
2703 0.52 0.558125 0.08666666666666667 0.12125
2704 0.17 0.755 0.22333333333333333 0.045
2705 0.4533333333333333 0.7425 0.32 0.0375
2706 0.6958333333333333 0.73625 0.15833333333333333 0.0375
2700 0.25 0.823125 0.31666666666666665 0.01375
36 0.445 0.81 0.056666666666666664 0.03
2701 0.6233333333333333 0.7975 0.2833333333333333 0.01
2702 0.3983333333333333 0.845 0.25666666666666665 0.0125
2703 0.6566666666666666 0.82875 0.23 0.015
2707 0.6641666666666667 0.43 0.045 0.045
2708 0.7133333333333334 0.43 0.07666666666666666 0.0475
121 0.6741666666666667 0.489375 0.035 0.04625
2709 0.7208333333333333 0.48625 0.06166666666666667 0.0425
6 0.9591666666666666 0.71875 0.04833333333333333 0.13
