62 0.207 0.1074938574938575 0.15 0.19533169533169534
1539 0.474 0.24324324324324326 0.288 0.25552825552825553
1543 0.118 0.16523341523341523 0.08 0.1167076167076167
1537 0.227 0.22051597051597052 0.102 0.11425061425061425
1544 0.364 0.28869778869778867 0.116 0.11302211302211303
1536 0.559 0.38759213759213756 0.118 0.10933660933660934
220 0.104 0.5153562653562653 0.084 0.05773955773955774
1545 0.16 0.5208845208845209 0.284 0.19164619164619165
1546 0.285 0.6646191646191646 0.19 0.04668304668304668
1547 0.245 0.7242014742014742 0.17 0.018427518427518427
1548 0.643 0.6492628992628993 0.022 0.6965601965601965
1549 0.83 0.797911547911548 0.196 0.10442260442260443
1550 0.808 0.8476658476658476 0.216 0.10565110565110565
6 0.827 0.7395577395577395 0.218 0.10073710073710074
6 0.491 0.9103194103194103 0.082 0.10319410319410319
6 0.811 0.9023341523341524 0.214 0.08968058968058969
6 0.764 0.9846437346437347 0.244 0.006142506142506142
