3073 0.246 0.5193333333333333 0.044 0.22533333333333333
3074 0.3555 0.312 0.163 0.14133333333333334
3075 0.586 0.31133333333333335 0.254 0.15066666666666667
207 0.742 0.536 0.042 0.24266666666666667
3076 0.505 0.44333333333333336 0.244 0.07066666666666667
3077 0.467 0.5046666666666667 0.088 0.04666666666666667
3078 0.546 0.506 0.06 0.03866666666666667
3079 0.4815 0.5533333333333333 0.135 0.037333333333333336
118 0.5725 0.556 0.033 0.04
3073 0.347 0.594 0.066 0.04133333333333333
239 0.4035 0.5933333333333334 0.047 0.037333333333333336
207 0.4795 0.5966666666666667 0.095 0.036
730 0.545 0.5986666666666667 0.026 0.034666666666666665
3080 0.5775 0.5973333333333334 0.031 0.04533333333333334
3081 0.62 0.598 0.044 0.044
534 0.6715 0.5986666666666667 0.055 0.032
2739 0.406 0.6486666666666666 0.072 0.03333333333333333
3082 0.492 0.6473333333333333 0.078 0.036
1449 0.6015 0.65 0.121 0.036
3083 0.4615 0.6933333333333334 0.153 0.037333333333333336
3084 0.592 0.694 0.1 0.03866666666666667
6 0.777 0.8553333333333333 0.44 0.084
