5310 0.321 0.2826666666666667 0.334 0.048
64 0.364 0.452 0.168 0.034666666666666665
451 0.584 0.49066666666666664 0.228 0.09066666666666667
5311 0.956 0.42533333333333334 0.084 0.013333333333333334
4068 0.958 0.38533333333333336 0.036 0.034666666666666665
6 0.918 0.656 0.108 0.042666666666666665
5312 0.482 0.9213333333333333 0.044 0.050666666666666665
5313 0.715 0.876 0.054 0.050666666666666665
5314 0.856 0.8733333333333333 0.092 0.050666666666666665
1377 0.738 0.9413333333333334 0.02 0.037333333333333336
5315 0.84 0.944 0.052 0.02666666666666667
