6 0.39732142857142855 0.26785714285714285 0.11607142857142858 0.02142857142857143
5318 0.3619047619047619 0.3674603174603175 0.1261904761904762 0.023809523809523808
5319 0.48154761904761906 0.3765873015873016 0.08452380952380953 0.048412698412698414
750 0.5863095238095238 0.39444444444444443 0.10714285714285714 0.050793650793650794
6 0.48333333333333334 0.5154761904761904 0.04880952380952381 0.007142857142857143
6 0.4836309523809524 0.5619047619047619 0.09821428571428571 0.0380952380952381
1582 0.5877976190476191 0.2384920634920635 0.03273809523809524 0.027777777777777776
5320 0.6875 0.19444444444444445 0.13214285714285715 0.03650793650793651
5321 0.7988095238095239 0.10793650793650794 0.025 0.0380952380952381
6 0.7726190476190476 0.33134920634920634 0.008333333333333333 0.09126984126984126
6 0.8464285714285714 0.24682539682539684 0.03214285714285714 0.04126984126984127
6 0.9473214285714285 0.1130952380952381 0.019642857142857142 0.03571428571428571
6 0.4574404761904762 0.9932539682539683 0.06488095238095239 0.013492063492063493
6 0.9485119047619047 0.9718253968253968 0.08988095238095238 0.04365079365079365
6 0.05892857142857143 0.9658730158730159 0.09642857142857143 0.050793650793650794
6 0.7916666666666666 0.37222222222222223 0.025 0.1
