608 0.33134920634920634 0.8518518518518519 0.017857142857142856 0.0
2601 0.3531746031746032 0.8518518518518519 0.015873015873015872 0.0
6 0.40029761904761907 0.21869488536155202 0.11011904761904762 0.09523809523809523
6 0.5486111111111112 0.22663139329805995 0.09523809523809523 0.07936507936507936
2602 0.24107142857142858 0.20458553791887124 0.09126984126984126 0.19753086419753085
2494 0.3759920634920635 0.35978835978835977 0.13095238095238096 0.06701940035273368
2603 0.5416666666666666 0.36684303350970016 0.12103174603174603 0.06349206349206349
2494 0.6760912698412699 0.2257495590828924 0.08035714285714286 0.1728395061728395
2604 0.15476190476190477 0.8677248677248677 0.02976190476190476 0.01763668430335097
2605 0.1939484126984127 0.8694885361552028 0.04265873015873016 0.024691358024691357
2606 0.2544642857142857 0.8677248677248677 0.0248015873015873 0.01763668430335097
6 0.29910714285714285 0.8659611992945326 0.04662698412698413 0.014109347442680775
2047 0.3933531746031746 0.8606701940035273 0.026785714285714284 0.014109347442680775
6 0.439484126984127 0.8562610229276896 0.0496031746031746 0.019400352733686066
2607 0.48313492063492064 0.8597883597883598 0.03968253968253968 0.019400352733686066
2605 0.5282738095238095 0.8597883597883598 0.03869047619047619 0.02292768959435626
6 0.5709325396825397 0.8527336860670194 0.040674603174603176 0.015873015873015872
2607 0.6155753968253969 0.8536155202821869 0.03869047619047619 0.021164021164021163
2605 0.6661706349206349 0.8483245149911817 0.03869047619047619 0.021164021164021163
6 0.7197420634920635 0.8500881834215167 0.060515873015873016 0.021164021164021163
736 0.7579365079365079 0.855379188712522 0.015873015873015872 0.024691358024691357
