2947 0.18875 0.4861111111111111 0.0375 0.0033333333333333335
1053 0.2733333333333333 0.4038888888888889 0.13 0.08333333333333333
359 0.37083333333333335 0.36333333333333334 0.03666666666666667 0.017777777777777778
2948 0.44083333333333335 0.3433333333333333 0.06166666666666667 0.015555555555555555
2949 0.5504166666666667 0.32555555555555554 0.1275 0.0044444444444444444
850 0.65625 0.3522222222222222 0.035833333333333335 0.044444444444444446
2950 0.7366666666666667 0.3838888888888889 0.07666666666666666 0.05
2948 0.3279166666666667 0.49666666666666665 0.1025 0.05333333333333334
2949 0.52125 0.44055555555555553 0.2225 0.03222222222222222
2813 0.4608333333333333 0.5572222222222222 0.4216666666666667 0.07444444444444444
314 0.44916666666666666 0.7727777777777778 0.32 0.04555555555555556
2951 0.14875 0.7822222222222223 0.014166666666666666 0.06888888888888889
2952 0.2 0.8211111111111111 0.03666666666666667 0.035555555555555556
2953 0.255 0.8605555555555555 0.056666666666666664 0.021111111111111112
1713 0.34041666666666665 0.885 0.08416666666666667 0.014444444444444444
2954 0.56375 0.8266666666666667 0.3275 0.13111111111111112
2709 0.7645833333333333 0.7144444444444444 0.0475 0.06888888888888889
