4588 0.5489583333333333 0.31484375 0.25416666666666665 0.1015625
4589 0.5380208333333333 0.4703125 0.16354166666666667 0.09375
4590 0.47291666666666665 0.527734375 0.10625 0.08046875
4591 0.603125 0.561328125 0.0875 0.08359375
4592 0.23854166666666668 0.547265625 0.275 0.05078125
898 0.7213541666666666 0.804296875 0.06354166666666666 0.18359375
4593 0.5234375 0.697265625 0.11145833333333334 0.05234375
6 0.28958333333333336 0.76484375 0.11875 0.0609375
6 0.221875 0.87109375 0.058333333333333334 0.0390625
6 0.375 0.921875 0.06458333333333334 0.04375
6 0.5161458333333333 0.967578125 0.096875 0.05703125
