2827 0.1937799043062201 0.218609865470852 0.29505582137161085 0.3834080717488789
181 0.29904306220095694 0.5224215246636771 0.10047846889952153 0.017937219730941704
6 0.36921850079744817 0.5179372197309418 0.02711323763955343 0.03139013452914798
2828 0.43221690590111644 0.507847533632287 0.09888357256778309 0.02466367713004484
2829 0.5279106858054227 0.49887892376681614 0.0861244019138756 0.020179372197309416
6 0.5797448165869219 0.40022421524663676 0.030303030303030304 0.02466367713004484
359 0.32057416267942584 0.5683856502242153 0.05422647527910686 0.033632286995515695
2830 0.4011164274322169 0.5582959641255605 0.09728867623604466 0.03139013452914798
85 0.49362041467304624 0.547085201793722 0.09090909090909091 0.026905829596412557
331 0.3883572567783094 0.6076233183856502 0.09090909090909091 0.026905829596412557
2831 0.46730462519936206 0.5930493273542601 0.06698564593301436 0.020179372197309416
6 0.35645933014354064 0.7107623318385651 0.3365231259968102 0.09865470852017937
