970 0.275625 0.3202979515828678 0.15125 0.148975791433892
971 0.438125 0.21787709497206703 0.12875 0.0260707635009311
972 0.63375 0.2886405959031657 0.2425 0.1564245810055866
973 0.4125 0.5307262569832403 0.255 0.0782122905027933
622 0.575625 0.5307262569832403 0.04875 0.08193668528864059
0 0.6475 0.5232774674115456 0.0825 0.0782122905027933
974 0.310625 0.6638733705772812 0.13875 0.08007448789571694
34 0.4175 0.6564245810055865 0.0575 0.06890130353817504
975 0.5975 0.6443202979515829 0.2775 0.0633147113594041
976 0.55625 0.7532588454376163 0.1025 0.03910614525139665
977 0.671875 0.7402234636871509 0.12125 0.04283054003724395
978 0.266875 0.87243947858473 0.17625 0.03910614525139665
979 0.47 0.8538175046554934 0.055 0.061452513966480445
980 0.53 0.845437616387337 0.065 0.0521415270018622
981 0.6475 0.8379888268156425 0.0625 0.0931098696461825
982 0.729375 0.8258845437616388 0.06375 0.08379888268156424
