3829 0.354296875 0.7791666666666667 0.18203125 0.0
590 0.8125 0.7802083333333333 0.1359375 0.0
3826 0.4921875 0.45625 0.3546875 0.0
1581 0.15625 0.7802083333333333 0.128125 0.0
1303 0.633984375 0.7833333333333333 0.16015625 0.0
3826 0.271484375 0.7135416666666666 0.10859375 0.0
6 0.505078125 0.32708333333333334 0.41171875 0.0
3826 0.715234375 0.725 0.09765625 0.0
6 0.72890625 0.7833333333333333 0.034375 0.0
6 0.244140625 0.778125 0.03515625 0.0
1581 0.159375 0.4203125 0.2 0.103125
1581 0.807421875 0.4505208333333333 0.17890625 0.12604166666666666
6 0.960546875 0.6067708333333334 0.06328125 0.18020833333333333
