2344 0.3271428571428571 0.14377682403433475 0.05142857142857143 0.034334763948497854
2345 0.4064285714285714 0.08261802575107297 0.09857142857142857 0.023605150214592276
2346 0.5371428571428571 0.08690987124463519 0.15142857142857144 0.015021459227467811
1894 0.4164285714285714 0.1684549356223176 0.04428571428571428 0.0407725321888412
2341 0.515 0.1684549356223176 0.13285714285714287 0.04935622317596566
2344 0.32857142857142857 0.21995708154506438 0.08857142857142856 0.032188841201716736
2345 0.435 0.24356223175965666 0.07857142857142857 0.07510729613733906
2346 0.6 0.24141630901287553 0.18571428571428572 0.06223175965665236
5202 0.10642857142857143 0.2446351931330472 0.09571428571428571 0.02575107296137339
6 0.03357142857142857 0.3293991416309013 0.05 0.006437768240343348
6 0.08071428571428571 0.34120171673819744 0.14714285714285713 0.09012875536480687
6 0.8942857142857142 0.24141630901287553 0.09142857142857143 0.006437768240343348
