2212 0.5671296296296297 0.36155606407322655 0.0941358024691358 0.0
2213 0.48148148148148145 0.4782608695652174 0.04938271604938271 0.0
2214 0.8263888888888888 0.43249427917620137 0.041666666666666664 0.0
2215 0.5300925925925926 0.4782608695652174 0.038580246913580245 0.0
6 0.35802469135802467 0.18077803203661327 0.05864197530864197 0.0
1559 0.6180555555555556 0.47139588100686497 0.032407407407407406 0.0
2216 0.6504629629629629 0.47368421052631576 0.032407407407407406 0.0
2217 0.5779320987654321 0.47139588100686497 0.047839506172839504 0.0
2218 0.5154320987654321 0.31922196796338675 0.15432098765432098 0.17620137299771166
559 0.7422839506172839 0.44279176201373 0.033950617283950615 0.043478260869565216
2219 0.8194444444444444 0.3501144164759725 0.033950617283950615 0.041189931350114416
