6 0.656 0.9627450980392157 0.056 0.0
494 0.869 0.9588235294117647 0.058 0.0
376 0.539 0.8862745098039215 0.17 0.0
495 0.657 0.9352941176470588 0.062 0.0
6 0.829 0.24901960784313726 0.122 0.0
496 0.406 0.7098039215686275 0.172 0.00784313725490196
497 0.575 0.7049019607843138 0.13 0.00196078431372549
498 0.514 0.8107843137254902 0.176 0.013725490196078431
499 0.402 0.8950980392156863 0.092 0.00980392156862745
147 0.653 0.9117647058823529 0.054 0.03529411764705882
483 0.546 0.9401960784313725 0.148 0.0058823529411764705
500 0.75 0.9627450980392157 0.104 0.00392156862745098
6 0.744 0.7284313725490196 0.092 0.03725490196078431
