3684 0.42678227360308285 0.05225409836065574 0.3603082851637765 0.036202185792349725
3684 0.36897880539499034 0.14412568306010928 0.5375722543352601 0.015027322404371584
3684 0.49710982658959535 0.6796448087431693 0.8863198458574181 0.12704918032786885
6 0.8140655105973025 0.0662568306010929 0.17148362235067438 0.025956284153005466
3685 0.7822736030828517 0.1687158469945355 0.1001926782273603 0.023224043715846996
730 0.8660886319845857 0.16530054644808742 0.05973025048169557 0.030054644808743168
220 0.9113680154142582 0.15915300546448088 0.023121387283236993 0.03415300546448088
3686 0.9633911368015414 0.15915300546448088 0.057803468208092484 0.03415300546448088
29 0.1329479768786127 0.912568306010929 0.11560693641618497 0.04371584699453552
3401 0.279383429672447 0.9139344262295082 0.09633911368015415 0.040983606557377046
730 0.14065510597302505 0.9685792349726776 0.10404624277456648 0.040983606557377046
3687 0.5905587668593449 0.8066939890710383 0.10211946050096339 0.015027322404371584
3688 0.7572254335260116 0.8025956284153005 0.17341040462427745 0.015027322404371584
220 0.2745664739884393 0.9692622950819673 0.05973025048169557 0.036885245901639344
1603 0.4393063583815029 0.967896174863388 0.1811175337186898 0.031420765027322405
146 0.48265895953757226 0.8859289617486339 0.036608863198458574 0.05327868852459016
147 0.5857418111753372 0.9132513661202186 0.06551059730250482 0.050546448087431695
1344 0.8005780346820809 0.9105191256830601 0.24470134874759153 0.004098360655737705
3689 0.74373795761079 0.8647540983606558 0.08863198458574181 0.01639344262295082
3690 0.8246628131021194 0.8613387978142076 0.05009633911368015 0.015027322404371584
1391 0.884393063583815 0.8558743169398907 0.06165703275529865 0.015027322404371584
1303 0.8294797687861272 0.880464480874317 0.06358381502890173 0.009562841530054645
398 0.8988439306358381 0.8777322404371585 0.05973025048169557 0.017759562841530054
1313 0.8188824662813102 0.898224043715847 0.038535645472061654 0.012295081967213115
