1090 0.81875 0.878125 0.17916666666666667 0.0
1193 0.23125 0.878125 0.2875 0.0
2572 0.7291666666666666 0.95625 0.1 0.0
367 0.5645833333333333 0.034375 0.22916666666666666 0.0
2573 0.3770833333333333 0.03125 0.1375 0.0
2574 0.6458333333333334 0.878125 0.125 0.0
368 0.49166666666666664 0.875 0.15833333333333333 0.0
2575 0.5979166666666667 0.95625 0.12916666666666668 0.0
2576 0.4166666666666667 0.95 0.10833333333333334 0.0
2413 0.21875 0.2578125 0.2875 0.334375
2414 0.7083333333333334 0.196875 0.425 0.23125
750 0.3333333333333333 0.7515625 0.45 0.134375
2577 0.75625 0.7609375 0.32083333333333336 0.159375
1167 0.275 0.978125 0.15 0.03125
2578 0.31875 0.8546875 0.1125 0.021875
2579 0.42916666666666664 0.8515625 0.08333333333333333 0.021875
2580 0.5520833333333334 0.8546875 0.12916666666666668 0.028125
633 0.6770833333333334 0.853125 0.0875 0.01875
