146 0.3398148148148148 0.7339901477832512 0.022222222222222223 0.04926108374384237
215 0.30833333333333335 0.6444991789819376 0.02962962962962963 0.08702791461412152
1341 0.28703703703703703 0.5254515599343186 0.011111111111111112 0.1444991789819376
217 0.262037037037037 0.3866995073891626 0.012962962962962963 0.10016420361247948
924 0.28425925925925927 0.2742200328407225 0.022222222222222223 0.0722495894909688
1342 0.32916666666666666 0.16666666666666666 0.06018518518518518 0.10344827586206896
1343 0.5009259259259259 0.08949096880131363 0.12407407407407407 0.047619047619047616
127 0.4625 0.15517241379310345 0.04537037037037037 0.031198686371100164
1344 0.5222222222222223 0.15435139573070608 0.07222222222222222 0.03940886699507389
6 0.02361111111111111 0.8563218390804598 0.03981481481481482 0.14285714285714285
627 0.32685185185185184 0.5632183908045977 0.016666666666666666 0.09195402298850575
1345 0.2953703703703704 0.458128078817734 0.003703703703703704 0.09852216748768473
118 0.3087962962962963 0.38752052545155996 0.013888888888888888 0.05582922824302135
1346 0.3143518518518518 0.31198686371100165 0.021296296296296296 0.06568144499178982
1347 0.6578703703703703 0.23891625615763548 0.019444444444444445 0.047619047619047616
0 0.6680555555555555 0.2922824302134647 0.006481481481481481 0.059113300492610835
1345 0.6912037037037037 0.3374384236453202 0.013888888888888888 0.06732348111658457
6 0.5023148148148148 0.9811165845648604 0.04351851851851852 0.03776683087027915
401 0.5055555555555555 0.38752052545155996 0.03888888888888889 0.022988505747126436
