4993 0.21372549019607842 0.18154761904761904 0.1843137254901961 0.10714285714285714
6 0.3480392156862745 0.15773809523809523 0.03725490196078431 0.05952380952380952
109 0.442156862745098 0.15178571428571427 0.09607843137254903 0.047619047619047616
4994 0.3058823529411765 0.43005952380952384 0.4666666666666667 0.20535714285714285
4995 0.05784313725490196 0.5252976190476191 0.09607843137254903 0.026785714285714284
4996 0.6549019607843137 0.5148809523809523 0.10588235294117647 0.07142857142857142
4997 0.6794117647058824 0.5803571428571429 0.10392156862745099 0.07738095238095238
4998 0.796078431372549 0.5550595238095238 0.054901960784313725 0.05654761904761905
4999 0.8166666666666667 0.6145833333333334 0.09607843137254903 0.0625
4993 0.9196078431372549 0.5982142857142857 0.06274509803921569 0.05952380952380952
5000 0.9764705882352941 0.6130952380952381 0.050980392156862744 0.05952380952380952
5001 0.946078431372549 0.65625 0.07254901960784314 0.0625
