1445 0.4803523035230352 0.2954759660697455 0.37262872628726285 0.04429783223374175
3445 0.47560975609756095 0.3567389255419416 0.4796747967479675 0.04241281809613572
1034 0.38279132791327913 0.4783223374175306 0.2018970189701897 0.10461828463713478
1286 0.6226287262872628 0.47785108388312914 0.15311653116531165 0.0999057492931197
3446 0.48848238482384826 0.7865221489161168 0.55420054200542 0.02544769085768143
1473 0.5013550135501355 0.8477851083883129 0.25203252032520324 0.03110273327049953
3447 0.43224932249322495 0.706880301602262 0.14634146341463414 0.030160226201696512
1349 0.5724932249322493 0.6983977379830348 0.12601626016260162 0.043355325164938736
1034 0.4180216802168022 0.6776625824693685 0.06910569105691057 0.011310084825636193
34 0.47696476964769646 0.6757775683317625 0.032520325203252036 0.015080113100848256
1322 0.5271002710027101 0.674363807728558 0.04336043360433604 0.012252591894439209
1476 0.5819783197831978 0.6738925541941565 0.05555555555555555 0.016965127238454288
1037 0.49525745257452575 0.6870876531573987 0.12601626016260162 0.007540056550424128
34 0.497289972899729 0.7012252591894439 0.032520325203252036 0.00942507068803016
