748 0.2664015904572565 0.7 0.2664015904572565 0.0
3 0.7803180914512923 0.668 0.12127236580516898 0.0
749 0.0536779324055666 0.32 0.09145129224652088 0.108
750 0.2624254473161034 0.33 0.24652087475149106 0.096
533 0.5 0.152 0.23260437375745527 0.144
748 0.705765407554672 0.165 0.11530815109343936 0.202
451 0.5934393638170974 0.272 0.2286282306163022 0.076
751 0.8339960238568589 0.385 0.13320079522862824 0.082
752 0.048707753479125246 0.748 0.061630218687872766 0.08
753 0.967196819085487 0.396 0.061630218687872766 0.072
