954 0.2854251012145749 0.20930232558139536 0.18218623481781376 0.13178294573643412
3167 0.2145748987854251 0.5290697674418605 0.08097165991902834 0.43023255813953487
3168 0.38461538461538464 0.7325581395348837 0.11336032388663968 0.06201550387596899
3169 0.548582995951417 0.7635658914728682 0.17408906882591094 0.007751937984496124
3170 0.7307692307692307 0.689922480620155 0.14979757085020243 0.12403100775193798
3170 0.5465587044534413 0.4108527131782946 0.48582995951417 0.11627906976744186
2282 0.5465587044534413 0.5116279069767442 0.4534412955465587 0.10852713178294573
3024 0.5546558704453441 0.6124031007751938 0.4291497975708502 0.11627906976744186
373 0.728744939271255 0.18023255813953487 0.008097165991902834 0.08139534883720931
3171 0.8522267206477733 0.29457364341085274 0.12550607287449392 0.21705426356589147
2943 0.8603238866396761 0.48643410852713176 0.012145748987854251 0.13565891472868216
118 0.8785425101214575 0.5988372093023255 0.08906882591093117 0.027131782945736434
