723 0.34375 0.7260034904013961 0.060546875 0.0
56 0.54736328125 0.7172774869109948 0.1142578125 0.0
728 0.43310546875 0.7225130890052356 0.1005859375 0.0
729 0.68896484375 0.5671902268760908 0.0751953125 0.0
73 0.78271484375 0.6910994764397905 0.0576171875 0.0
0 0.818359375 0.7294938917975567 0.02734375 0.0
730 0.79150390625 0.7277486910994765 0.0205078125 0.0
731 0.35986328125 0.4781849912739965 0.0966796875 0.08376963350785341
0 0.45751953125 0.3987783595113438 0.0791015625 0.03315881326352531
732 0.615234375 0.3586387434554974 0.232421875 0.019197207678883072
733 0.7724609375 0.6483420593368238 0.236328125 0.08202443280977312
734 0.85693359375 0.7041884816753927 0.0654296875 0.029668411867364748
735 0.8642578125 0.743455497382199 0.0546875 0.031413612565445025
