2919 0.4005281690140845 0.3755868544600939 0.0801056338028169 0.04460093896713615
3350 0.4920774647887324 0.39172535211267606 0.08450704225352113 0.04401408450704225
3351 0.3215228873239437 0.3685446009389671 0.36223591549295775 0.0903755868544601
821 0.6272007042253521 0.4128521126760563 0.1795774647887324 0.018192488262910797
60 0.2753080985915493 0.48914319248826293 0.028609154929577465 0.02992957746478873
3352 0.33186619718309857 0.48826291079812206 0.07834507042253522 0.04460093896713615
3353 0.4859154929577465 0.5020539906103286 0.198943661971831 0.052230046948356805
359 0.6186179577464789 0.5161384976525821 0.03917253521126761 0.03227699530516432
3354 0.28829225352112675 0.528169014084507 0.0994718309859155 0.056338028169014086
3355 0.42495598591549294 0.5425469483568075 0.09815140845070422 0.04401408450704225
3356 0.5748239436619719 0.5545774647887324 0.1329225352112676 0.04460093896713615
3357 0.1056338028169014 0.6854460093896714 0.07570422535211267 0.04812206572769953
3353 0.21742957746478872 0.6921948356807511 0.1267605633802817 0.03814553990610329
359 0.3085387323943662 0.698650234741784 0.03169014084507042 0.03814553990610329
348 0.5017605633802817 0.7124413145539906 0.22183098591549297 0.07042253521126761
118 0.6443661971830986 0.7206572769953051 0.0448943661971831 0.04225352112676056
0 0.7009242957746479 0.7256455399061033 0.058538732394366196 0.04401408450704225
226 0.7825704225352113 0.73268779342723 0.09507042253521127 0.04988262910798122
