467 0.1220703125 0.6953125 0.189453125 0.0
2452 0.2333984375 0.2565104166666667 0.150390625 0.0
2453 0.18408203125 0.07682291666666667 0.2275390625 0.0
2454 0.5107421875 0.6979166666666666 0.17578125 0.0
621 0.525390625 0.2760416666666667 0.068359375 0.0
2455 0.3330078125 0.7578125 0.21484375 0.0
1661 0.82568359375 0.15234375 0.0986328125 0.0
2456 0.82470703125 0.2578125 0.1025390625 0.0
1247 0.70947265625 0.69921875 0.0908203125 0.0
2457 0.0986328125 0.3509114583333333 0.033203125 0.22005208333333334
254 0.36962890625 0.16666666666666666 0.0244140625 0.0625
72 0.365234375 0.23893229166666666 0.025390625 0.05859375
2458 0.4111328125 0.21158854166666666 0.041015625 0.13932291666666666
75 0.52734375 0.21875 0.0625 0.0390625
1548 0.525390625 0.255859375 0.134765625 0.055989583333333336
2459 0.685546875 0.17122395833333334 0.10546875 0.040364583333333336
2460 0.69287109375 0.24934895833333334 0.0849609375 0.053385416666666664
2461 0.81298828125 0.447265625 0.1357421875 0.048177083333333336
2462 0.63330078125 0.4140625 0.0537109375 0.1328125
1073 0.3037109375 0.3548177083333333 0.087890625 0.053385416666666664
1038 0.3955078125 0.3606770833333333 0.087890625 0.059895833333333336
1071 0.34375 0.4446614583333333 0.265625 0.055989583333333336
1072 0.35107421875 0.4928385416666667 0.1123046875 0.045572916666666664
2416 0.28515625 0.53515625 0.103515625 0.005208333333333333
314 0.3955078125 0.5390625 0.107421875 0.0026041666666666665
2463 0.4677734375 0.6041666666666666 0.08203125 0.0026041666666666665
2464 0.6005859375 0.5657552083333334 0.09765625 0.009114583333333334
2465 0.59521484375 0.6243489583333334 0.0478515625 0.0013020833333333333
2466 0.74609375 0.5390625 0.140625 0.041666666666666664
621 0.76123046875 0.5852864583333334 0.0751953125 0.02734375
2467 0.84814453125 0.6595052083333334 0.1513671875 0.048177083333333336
2468 0.84326171875 0.6966145833333334 0.1103515625 0.044270833333333336
1499 0.8115234375 0.72265625 0.044921875 0.013020833333333334
2469 0.87109375 0.7239583333333334 0.0625 0.018229166666666668
2470 0.861328125 0.5546875 0.0390625 0.1328125
2471 0.88427734375 0.5611979166666666 0.0263671875 0.10416666666666667
