1257 0.256875 0.27 0.04625 0.0033333333333333335
1258 0.2975 0.24166666666666667 0.05 0.006666666666666667
611 0.33875 0.21 0.05 0.016666666666666666
35 0.378125 0.19333333333333333 0.03625 0.03333333333333333
1259 0.42 0.16416666666666666 0.0475 0.008333333333333333
1260 0.45625 0.16833333333333333 0.0225 0.03
0 0.483125 0.16833333333333333 0.02875 0.04
1261 0.536875 0.15416666666666667 0.07625 0.008333333333333333
1262 0.59 0.18 0.02 0.043333333333333335
577 0.6125 0.18666666666666668 0.0125 0.043333333333333335
262 0.646875 0.20416666666666666 0.03625 0.065
1263 0.703125 0.21166666666666667 0.04375 0.03
819 0.728125 0.25 0.00875 0.05
6 0.45625 0.41 0.1925 0.07666666666666666
