4992 0.45166666666666666 0.25125 0.07333333333333333 0.0625
3929 0.5816666666666667 0.22 0.14666666666666667 0.02
1576 0.7275 0.31375 0.09833333333333333 0.1225
125 0.5241666666666667 0.4625 0.21833333333333332 0.13
889 0.71 0.4925 0.14333333333333334 0.115
6 0.5483333333333333 0.64 0.05333333333333334 0.115
85 0.6458333333333334 0.64625 0.115 0.1125
309 0.5058333333333334 0.80125 0.07166666666666667 0.0625
862 0.5875 0.8475 0.045 0.01
621 0.6508333333333334 0.84375 0.051666666666666666 0.0125
35 0.7116666666666667 0.84375 0.05 0.0175
3833 0.77 0.715 0.07666666666666666 0.165
