6 0.6787072243346007 0.468 0.11026615969581749 0.0
1705 0.7217997465145755 0.96 0.034220532319391636 0.0
1164 0.600126742712294 0.962 0.034220532319391636 0.0
1706 0.6768060836501901 0.96 0.035487959442332066 0.0
6 0.8757921419518377 0.832 0.05576679340937896 0.0
1173 0.6337135614702155 0.962 0.02788339670468948 0.0
1707 0.08681875792141952 0.686 0.155893536121673 0.064
1420 0.08871989860583017 0.735 0.10392902408111533 0.046
1708 0.32636248415716096 0.611 0.08238276299112801 0.058
1709 0.40811153358681873 0.63 0.07351077313054499 0.064
6 0.514575411913815 0.756 0.07858048162230671 0.04
6 0.5190114068441065 0.786 0.06463878326996197 0.036
6 0.7839036755386565 0.601 0.09759188846641319 0.098
1376 0.600126742712294 0.821 0.044359949302915085 0.086
1262 0.6533586818757922 0.769 0.036755386565272496 0.006
68 0.7135614702154626 0.808 0.06844106463878327 0.08
608 0.6216730038022814 0.895 0.034220532319391636 0.046
1710 0.664765525982256 0.894 0.05449936628643853 0.108
