309 0.48796992481203005 0.6355828220858896 0.12781954887218044 0.0
75 0.48872180451127817 0.603680981595092 0.07518796992481203 0.0
75 0.3097744360902256 0.5754601226993865 0.06917293233082707 0.08588957055214724
821 0.4323308270676692 0.49263803680981594 0.12781954887218044 0.033128834355828224
309 0.6218045112781955 0.5447852760736196 0.17293233082706766 0.13006134969325153
821 0.4932330827067669 0.6300613496932516 0.07819548872180451 0.023312883435582823
309 0.41578947368421054 0.69079754601227 0.055639097744360905 0.01717791411042945
1877 0.4714285714285714 0.6987730061349693 0.058646616541353384 0.0036809815950920245
730 0.5157894736842106 0.7085889570552147 0.02406015037593985 0.013496932515337423
1878 0.5556390977443609 0.6883435582822086 0.061654135338345864 0.022085889570552148
