1338 0.45625 0.41015625 0.24583333333333332 0.0
3913 0.8875 0.20234375 0.04791666666666667 0.0
1257 0.8885416666666667 0.21484375 0.04791666666666667 0.0
3914 0.43333333333333335 0.108984375 0.31666666666666665 0.02265625
85 0.440625 0.234375 0.2125 0.0109375
3915 0.44583333333333336 0.48984375 0.25416666666666665 0.053125
309 0.5953125 0.46640625 0.046875 0.096875
3916 0.8609375 0.34453125 0.053125 0.1390625
3917 0.884375 0.242578125 0.04375 0.01796875
6 0.9072916666666667 0.386328125 0.025 0.13359375
121 0.21822916666666667 0.701171875 0.034375 0.04921875
