1736 0.1925 0.4529166666666667 0.1675 0.31083333333333335
939 0.395625 0.2529166666666667 0.155 0.035833333333333335
2921 0.613125 0.3279166666666667 0.13 0.12916666666666668
5140 0.39 0.67375 0.41875 0.0675
5141 0.419375 0.6708333333333333 0.47125 0.07
6 0.3765625 0.87875 0.410625 0.1075
5142 0.7675 0.9058333333333334 0.24375 0.1
5143 0.8034375 0.20416666666666666 0.233125 0.006666666666666667
5144 0.794375 0.26916666666666667 0.2175 0.028333333333333332
5144 0.7959375 0.33541666666666664 0.228125 0.04083333333333333
6 0.2975 0.04083333333333333 0.09375 0.035
5145 0.3953125 0.0975 0.196875 0.02
6 0.3625 0.18166666666666667 0.15 0.056666666666666664
6 0.1196875 0.39 0.074375 0.015
