2166 0.37111801242236025 0.22896634615384615 0.19254658385093168 0.17908653846153846
2167 0.6048136645962733 0.21995192307692307 0.15372670807453417 0.14182692307692307
1420 0.4666149068322981 0.38461538461538464 0.24378881987577639 0.06490384615384616
2168 0.328416149068323 0.4777644230769231 0.05434782608695652 0.0829326923076923
359 0.40217391304347827 0.5649038461538461 0.052795031055900624 0.021634615384615384
2169 0.5690993788819876 0.49939903846153844 0.15062111801242237 0.15985576923076922
3 0.39285714285714285 0.7896634615384616 0.12422360248447205 0.0673076923076923
1647 0.5411490683229814 0.8100961538461539 0.13819875776397517 0.06971153846153846
2170 0.39596273291925466 0.8774038461538461 0.09006211180124224 0.06490384615384616
2171 0.5411490683229814 0.9056490384615384 0.09472049689440994 0.0733173076923077
