6 0.216015625 0.5114583333333333 0.04296875 0.0
2128 0.0453125 0.05260416666666667 0.0796875 0.096875
3888 0.20546875 0.09322916666666667 0.190625 0.14895833333333333
555 0.3609375 0.14010416666666667 0.0796875 0.096875
220 0.436328125 0.1625 0.03046875 0.07291666666666667
2344 0.5234375 0.18958333333333333 0.0625 0.07916666666666666
4082 0.182421875 0.2625 0.11328125 0.05416666666666667
6 0.176171875 0.30833333333333335 0.25234375 0.0625
4083 0.17265625 0.3572916666666667 0.2953125 0.06875
468 0.368359375 0.309375 0.09609375 0.052083333333333336
803 0.463671875 0.3265625 0.07109375 0.05520833333333333
4084 0.53671875 0.3375 0.0625 0.04583333333333333
4085 0.46171875 0.38645833333333335 0.075 0.058333333333333334
750 0.659765625 0.4395833333333333 0.09609375 0.016666666666666666
633 0.75078125 0.45625 0.078125 0.05
4086 0.8515625 0.4635416666666667 0.1109375 0.0375
6 0.56796875 0.4942708333333333 0.06875 0.065625
6 0.310546875 0.5317708333333333 0.11640625 0.042708333333333334
6 0.753125 0.39010416666666664 0.0640625 0.030208333333333334
