65 0.5921052631578947 0.347 0.25263157894736843 0.038
3027 0.5868421052631579 0.379 0.2578947368421053 0.038
3028 0.625 0.435 0.2657894736842105 0.07
1388 0.6092105263157894 0.538 0.15526315789473685 0.072
3029 0.25526315789473686 0.578 0.05263157894736842 0.076
3030 0.3592105263157895 0.644 0.16578947368421051 0.064
928 0.47368421052631576 0.691 0.042105263157894736 0.034
1866 0.5197368421052632 0.691 0.039473684210526314 0.034
65 0.5868421052631579 0.661 0.09473684210526316 0.026
3027 0.6828947368421052 0.597 0.09210526315789473 0.082
