0 0.19652777777777777 0.39921875 0.05694444444444444 0.0984375
309 0.34375 0.273046875 0.2763888888888889 0.08671875
1345 0.6284722222222222 0.2671875 0.2569444444444444 0.0921875
1136 0.5180555555555556 0.522265625 0.14166666666666666 0.00546875
272 0.6645833333333333 0.466015625 0.13194444444444445 0.10234375
6 0.38333333333333336 0.54375 0.07777777777777778 0.053125
4393 0.6201388888888889 0.56484375 0.15138888888888888 0.0359375
6 0.9652777777777778 0.51640625 0.058333333333333334 0.146875
1345 0.04652777777777778 0.352734375 0.06805555555555555 0.19453125
309 0.041666666666666664 0.558203125 0.06944444444444445 0.20703125
0 0.04791666666666667 0.725390625 0.08194444444444444 0.11328125
6 0.7326388888888888 0.37734375 0.043055555555555555 0.0234375
983 0.8604166666666667 0.196875 0.07361111111111111 0.0078125
