736 0.387109375 0.19375 0.11171875 0.14027777777777778
96 0.469140625 0.06666666666666667 0.03984375 0.022222222222222223
6 0.4671875 0.14166666666666666 0.05 0.075
1004 0.469140625 0.22083333333333333 0.04140625 0.03888888888888889
215 0.354296875 0.3104166666666667 0.03046875 0.015277777777777777
1005 0.396484375 0.2965277777777778 0.04765625 0.009722222222222222
1006 0.45234375 0.2826388888888889 0.05625 0.006944444444444444
1007 0.58359375 0.5979166666666667 0.0328125 0.001388888888888889
1008 0.624609375 0.6291666666666667 0.04296875 0.06666666666666667
1009 0.60390625 0.6541666666666667 0.0265625 0.044444444444444446
1010 0.600390625 0.68125 0.03515625 0.04861111111111111
95 0.60703125 0.8736111111111111 0.028125 0.044444444444444446
1011 0.60390625 0.9375 0.025 0.044444444444444446
6 0.454296875 0.3611111111111111 0.07734375 0.011111111111111112
6 0.371875 0.35694444444444445 0.0734375 0.025
6 0.44453125 0.4048611111111111 0.1046875 0.015277777777777777
