6 0.1474269819193324 0.08125 0.06954102920723226 0.0
6 0.07440890125173853 0.13203125 0.08762169680111266 0.0
6 0.05910987482614743 0.18359375 0.054242002781641166 0.0
6 0.12169680111265646 0.109375 0.06536856745479833 0.0
6 0.12656467315716272 0.1921875 0.08344923504867872 0.0
6 0.1349095966620306 0.16796875 0.0917941585535466 0.0
6 0.06328233657858136 0.0609375 0.1043115438108484 0.0
6 0.0674547983310153 0.1171875 0.08484005563282336 0.0
6 0.05702364394993046 0.1640625 0.061196105702364396 0.0
6 0.8908205841446454 0.434375 0.11265646731571627 0.0
4059 0.5709318497913769 0.273828125 0.19610570236439498 0.27890625
889 0.6286509040333796 0.2875 0.06397774687065369 0.0953125
6 0.7440890125173852 0.37734375 0.10848400556328233 0.1015625
6 0.6446453407510431 0.413671875 0.06815020862308763 0.04609375
6 0.894297635605007 0.416796875 0.0890125173852573 0.01484375
6 0.89221140472879 0.509375 0.08484005563282336 0.06875
