641 0.4982698961937716 0.645 0.2560553633217993 0.01
642 0.5086505190311419 0.797 0.22145328719723184 0.014
643 0.15051903114186851 0.902 0.11764705882352941 0.02
644 0.25 0.896 0.07439446366782007 0.02
6 0.30017301038062283 0.891 0.01903114186851211 0.026
645 0.33477508650519033 0.892 0.05363321799307959 0.02
646 0.17474048442906576 0.943 0.16608996539792387 0.034
647 0.33304498269896193 0.933 0.12283737024221453 0.038
648 0.1643598615916955 0.989 0.16262975778546712 0.018
649 0.2906574394463668 0.981 0.058823529411764705 0.018
650 0.3745674740484429 0.976 0.07093425605536333 0.02
651 0.458477508650519 0.971 0.0726643598615917 0.022
