482 0.81787109375 0.4244791666666667 0.1005859375 0.0
4327 0.3837890625 0.4322916666666667 0.0703125 0.0
622 0.73681640625 0.421875 0.0361328125 0.0
594 0.7880859375 0.73828125 0.025390625 0.0
0 0.32275390625 0.251953125 0.0537109375 0.05078125
4328 0.42919921875 0.15299479166666666 0.1611328125 0.055989583333333336
4329 0.5927734375 0.20963541666666666 0.05859375 0.10677083333333333
4330 0.4912109375 0.4498697916666667 0.103515625 0.040364583333333336
1221 0.1279296875 0.45703125 0.05859375 0.03125
542 0.193359375 0.4524739583333333 0.0546875 0.03515625
