4720 0.323 0.4966832504145937 0.202 0.16086235489220563
451 0.58 0.4593698175787728 0.236 0.10281923714759536
4721 0.402 0.46683250414593697 0.06 0.024875621890547265
4722 0.496 0.4469320066334992 0.104 0.001658374792703151
6 0.454 0.5530679933665008 0.104 0.01824212271973466
4723 0.45 0.5729684908789386 0.06 0.011608623548922056
4724 0.364 0.6127694859038143 0.044 0.03482587064676617
4725 0.482 0.582089552238806 0.152 0.05306799336650083
449 0.326 0.6094527363184079 0.1 0.04145936981757877
4726 0.516 0.5837479270315091 0.232 0.08291873963515754
