1079 0.41139240506329117 0.744 0.18734177215189873 0.0
816 0.3987341772151899 0.64 0.189873417721519 0.0
1080 0.40759493670886077 0.818 0.18734177215189873 0.0
347 0.39936708860759496 0.41 0.07721518987341772 0.0
6 0.4588607594936709 0.404 0.0670886075949367 0.0
6 0.7829113924050632 0.856 0.0189873417721519 0.0
6 0.0310126582278481 0.707 0.04683544303797468 0.17
6 0.07341772151898734 0.857 0.0379746835443038 0.198
6 0.30063291139240506 0.552 0.06962025316455696 0.02
1081 0.24113924050632912 0.331 0.37848101265822787 0.214
1082 0.6126582278481013 0.337 0.27341772151898736 0.186
6 0.9348101265822785 0.664 0.03164556962025317 0.016
6 0.21772151898734177 0.697 0.04556962025316456 0.038
