2020 0.3181818181818182 0.1662621359223301 0.19272727272727272 0.04611650485436893
1727 0.5027272727272727 0.14199029126213591 0.15818181818181817 0.0024271844660194173
377 0.7281818181818182 0.16990291262135923 0.19818181818181818 0.04854368932038835
6 0.5227272727272727 0.23179611650485438 0.5181818181818182 0.007281553398058253
3695 0.3518181818181818 0.2803398058252427 0.2018181818181818 0.03640776699029126
802 0.5436363636363636 0.2803398058252427 0.13090909090909092 0.050970873786407765
3024 0.7218181818181818 0.279126213592233 0.18181818181818182 0.03398058252427184
36 0.09181818181818181 0.5206310679611651 0.034545454545454546 0.050970873786407765
3696 0.2718181818181818 0.5364077669902912 0.0890909090909091 0.024271844660194174
3697 0.33545454545454545 0.537621359223301 0.04181818181818182 0.021844660194174758
3698 0.36454545454545456 0.5412621359223301 0.02727272727272727 0.02912621359223301
3699 0.4163636363636364 0.5388349514563107 0.06909090909090909 0.02912621359223301
3700 0.28 0.5643203883495146 0.05454545454545454 0.02669902912621359
1435 0.3290909090909091 0.5643203883495146 0.04727272727272727 0.02669902912621359
3701 0.39181818181818184 0.5606796116504854 0.07454545454545454 0.024271844660194174
6 0.3427272727272727 0.5885922330097088 0.10727272727272727 0.03640776699029126
