821 0.3432601880877743 0.16142557651991615 0.07836990595611286 0.05870020964360587
34 0.4200626959247649 0.1278825995807128 0.05642633228840126 0.016771488469601678
3318 0.5901253918495298 0.13731656184486374 0.2836990595611285 0.09014675052410902
3319 0.4177115987460815 0.29035639412997905 0.09561128526645768 0.05660377358490566
3320 0.5721003134796239 0.2914046121593291 0.1786833855799373 0.05870020964360587
3321 0.46865203761755486 0.3417190775681342 0.07836990595611286 0.041928721174004195
1086 0.572884012539185 0.3448637316561845 0.07366771159874608 0.039832285115303984
3322 0.5227272727272727 0.42348008385744235 0.21473354231974923 0.03773584905660377
35 0.4200626959247649 0.47379454926624737 0.07523510971786834 0.03773584905660377
3323 0.5697492163009404 0.4748427672955975 0.19278996865203762 0.031446540880503145
34 0.37460815047021945 0.5272536687631028 0.047021943573667714 0.039832285115303984
262 0.46786833855799376 0.5283018867924528 0.11442006269592477 0.033542976939203356
3324 0.6136363636363636 0.5251572327044025 0.15517241379310345 0.03563941299790356
3325 0.46943573667711597 0.5974842767295597 0.11442006269592477 0.041928721174004195
1453 0.5830721003134797 0.6016771488469602 0.10031347962382445 0.033542976939203356
3326 0.47962382445141066 0.6561844863731656 0.07523510971786834 0.041928721174004195
1086 0.5697492163009404 0.6561844863731656 0.061128526645768025 0.03773584905660377
