0 0.441 0.3230563002680965 0.022 0.07238605898123325
43 0.478 0.2064343163538874 0.096 0.09115281501340483
380 0.568 0.1769436997319035 0.048 0.02680965147453083
381 0.62 0.28418230563002683 0.004 0.15013404825737264
382 0.532 0.33646112600536193 0.084 0.00804289544235925
383 0.407 0.38337801608579086 0.13 0.032171581769437
384 0.659 0.35924932975871315 0.126 0.0160857908847185
385 0.469 0.43029490616621985 0.15 0.045576407506702415
386 0.61 0.42091152815013405 0.12 0.02680965147453083
387 0.55 0.5268096514745308 0.184 0.029490616621983913
388 0.543 0.5723860589812333 0.21 0.029490616621983913
331 0.51 0.6193029490616622 0.096 0.032171581769437
389 0.601 0.6099195710455764 0.074 0.03485254691689008
6 0.341 0.7506702412868632 0.094 0.02680965147453083
