5032 0.251 0.44666666666666666 0.314 0.06133333333333333
936 0.711 0.396 0.466 0.050666666666666665
1703 0.041 0.54 0.05 0.050666666666666665
1704 0.038 0.5813333333333334 0.056 0.032
5033 0.079 0.6626666666666666 0.15 0.06666666666666667
378 0.294 0.5746666666666667 0.12 0.034666666666666665
2921 0.446 0.5866666666666667 0.14 0.010666666666666666
1313 0.591 0.5946666666666667 0.086 0.037333333333333336
884 0.698 0.532 0.104 0.050666666666666665
220 0.989 0.44 0.018 0.08
5034 0.921 0.5946666666666667 0.15 0.07466666666666667
5035 0.494 0.956 0.16 0.04
66 0.894 0.9533333333333334 0.112 0.029333333333333333
373 0.137 0.9786666666666667 0.034 0.037333333333333336
