1172 0.65 0.53 0.08 0.0
4118 0.5141666666666667 0.645 0.215 0.0
4119 0.4483333333333333 0.53875 0.07166666666666667 0.0
4120 0.625 0.455 0.08333333333333333 0.0
4121 0.91625 0.695 0.025833333333333333 0.0
4122 0.8283333333333334 0.7075 0.03833333333333333 0.0
4123 0.5183333333333333 0.46125 0.05 0.0
6 0.9004166666666666 0.73875 0.06916666666666667 0.0
753 0.5770833333333333 0.52875 0.0375 0.0
1876 0.6820833333333334 0.45625 0.0275 0.0
493 0.5025 0.53125 0.02666666666666667 0.0
4124 0.22833333333333333 0.448125 0.31333333333333335 0.20625
4125 0.26708333333333334 0.588125 0.15083333333333335 0.05875
4126 0.5420833333333334 0.3275 0.2758333333333333 0.08
4127 0.545 0.39125 0.2816666666666667 0.005
2578 0.4579166666666667 0.43375 0.10916666666666666 0.0175
2018 0.6029166666666667 0.42 0.16916666666666666 0.02
368 0.44375 0.509375 0.08583333333333333 0.06875
4128 0.66125 0.66625 0.04583333333333333 0.015
4119 0.8779166666666667 0.719375 0.05416666666666667 0.02375
