752 0.9666666666666667 0.584375 0.06458333333333334 0.0
6 0.9635416666666666 0.89765625 0.06458333333333334 0.0
6 0.95625 0.4625 0.07916666666666666 0.0
6 0.8765625 0.71953125 0.065625 0.0
4098 0.4348958333333333 0.14453125 0.10104166666666667 0.1421875
4099 0.5765625 0.10390625 0.121875 0.0859375
1741 0.509375 0.16328125 0.12083333333333333 0.0390625
6 0.5088541666666667 0.191015625 0.10729166666666666 0.00390625
6 0.503125 0.19453125 0.15833333333333333 0.0671875
6 0.30052083333333335 0.395703125 0.053125 0.04453125
1741 0.29270833333333335 0.409375 0.0875 0.040625
3182 0.0375 0.378515625 0.04375 0.06328125
4100 0.16302083333333334 0.50390625 0.2947916666666667 0.2
1568 0.9239583333333333 0.54140625 0.14791666666666667 0.0046875
1741 0.9197916666666667 0.579296875 0.13125 0.01171875
3582 0.8807291666666667 0.637890625 0.06354166666666666 0.05546875
4101 0.91875 0.6734375 0.13333333333333333 0.0078125
451 0.58125 0.634765625 0.19583333333333333 0.16171875
4102 0.4125 0.754296875 0.14166666666666666 0.14609375
4103 0.71875 0.8171875 0.42291666666666666 0.3
4104 0.5098958333333333 0.876953125 0.371875 0.14140625
4105 0.8401041666666667 0.966015625 0.15520833333333334 0.06484375
493 0.0171875 0.9 0.023958333333333335 0.046875
4106 0.053125 0.523046875 0.075 0.05234375
4107 0.21302083333333333 0.585546875 0.17395833333333333 0.08359375
