4769 0.598 0.5500821018062397 0.1 0.0
344 0.316 0.2175697865353038 0.016 0.07389162561576355
4770 0.338 0.13054187192118227 0.108 0.06732348111658457
34 0.414 0.10262725779967159 0.048 0.008210180623973728
1711 0.538 0.09852216748768473 0.2 0.029556650246305417
4771 0.668 0.18555008210180624 0.06 0.1444991789819376
6 0.493 0.2742200328407225 0.282 0.016420361247947456
4772 0.479 0.4244663382594417 0.382 0.027914614121510674
4773 0.767 0.4975369458128079 0.282 0.03284072249589491
4773 0.452 0.5673234811165846 0.16 0.021346469622331693
120 0.683 0.5615763546798029 0.054 0.029556650246305417
4774 0.796 0.5591133004926109 0.16 0.027914614121510674
4775 0.943 0.5459770114942529 0.11 0.024630541871921183
4776 0.439 0.6050903119868637 0.13 0.024630541871921183
4777 0.602 0.5977011494252874 0.168 0.019704433497536946
4773 0.727 0.6510673234811166 0.146 0.024630541871921183
4778 0.526 0.7471264367816092 0.144 0.019704433497536946
4779 0.937 0.7405582922824302 0.114 0.019704433497536946
6 0.666 0.8472906403940886 0.636 0.009852216748768473
4780 0.491 0.9802955665024631 0.186 0.022988505747126436
4781 0.676 0.9770114942528736 0.164 0.03940886699507389
