6 0.4600798403193613 0.066 0.1936127744510978 0.0
0 0.2315369261477046 0.454 0.07984031936127745 0.116
597 0.4251497005988024 0.325 0.29141716566866266 0.082
598 0.7225548902195609 0.417 0.22355289421157684 0.266
599 0.7355289421157685 0.108 0.10179640718562874 0.064
600 0.8542914171656687 0.124 0.10379241516966067 0.044
601 0.7854291417165669 0.167 0.22954091816367264 0.106
602 0.25948103792415167 0.805 0.10379241516966067 0.014
603 0.34231536926147704 0.809 0.04590818363273453 0.042
602 0.4471057884231537 0.797 0.08782435129740519 0.014
604 0.5339321357285429 0.826 0.05389221556886228 0.056
602 0.6297405189620758 0.84 0.07784431137724551 0.056
605 0.7425149700598802 0.819 0.1157684630738523 0.01
6 0.4750499001996008 0.206 0.19161676646706588 0.084
6 0.23852295409181637 0.881 0.17365269461077845 0.102
6 0.41916167664670656 0.982 0.5828343313373253 0.028
6 0.7874251497005988 0.916 0.11776447105788423 0.036
