4444 0.451171875 0.625 0.14192708333333334 0.0
4445 0.2845052083333333 0.6279296875 0.12369791666666667 0.0
4446 0.1484375 0.63671875 0.1015625 0.0
120 0.5709635416666666 0.623046875 0.07161458333333333 0.0
4447 0.8606770833333334 0.5595703125 0.0625 0.0
4448 0.4837239583333333 0.21240234375 0.23828125 0.0732421875
4448 0.3424479166666667 0.5615234375 0.5260416666666666 0.07421875
4449 0.7565104166666666 0.5322265625 0.24739583333333334 0.04296875
1187 0.7428385416666666 0.64013671875 0.20442708333333334 0.0205078125
1736 0.7278645833333334 0.57861328125 0.1640625 0.0263671875
898 0.8782552083333334 0.6318359375 0.03515625 0.033203125
