6 0.20723684210526316 0.383984375 0.20394736842105263 0.04609375
2728 0.11677631578947369 0.538671875 0.21710526315789475 0.06796875
2729 0.41776315789473684 0.44921875 0.15789473684210525 0.0203125
1313 0.5600328947368421 0.470703125 0.09375 0.02890625
2730 0.6661184210526315 0.4515625 0.09868421052631579 0.0109375
2424 0.7557565789473685 0.435546875 0.06743421052631579 0.01953125
2730 0.8478618421052632 0.452734375 0.06743421052631579 0.01796875
2424 0.9399671052631579 0.4734375 0.11677631578947369 0.015625
6 0.38651315789473684 0.5015625 0.09210526315789473 0.00625
2731 0.4120065789473684 0.53515625 0.07730263157894737 0.05625
2732 0.5197368421052632 0.510546875 0.08223684210526316 0.01484375
2729 0.6800986842105263 0.520703125 0.20888157894736842 0.05234375
2733 0.8782894736842105 0.54375 0.12828947368421054 0.1171875
6 0.46381578947368424 0.6234375 0.05592105263157895 0.0671875
6 0.6743421052631579 0.61875 0.06907894736842106 0.0546875
6 0.8248355263157895 0.623828125 0.09375 0.00703125
2734 0.5904605263157895 0.83359375 0.4473684210526316 0.1375
2735 0.7146381578947368 0.9390625 0.537828947368421 0.121875
1790 0.928453947368421 0.8703125 0.05756578947368421 0.0890625
6 0.03782894736842105 0.834765625 0.05921052631578947 0.09609375
