943 0.41220238095238093 0.16777777777777778 0.28273809523809523 0.07777777777777778
378 0.36607142857142855 0.3522222222222222 0.125 0.14888888888888888
2979 0.5267857142857143 0.3877777777777778 0.17261904761904762 0.06888888888888889
190 0.3169642857142857 0.5166666666666667 0.3005952380952381 0.042222222222222223
4977 0.625 0.5188888888888888 0.2916666666666667 0.03777777777777778
4978 0.34375 0.5555555555555556 0.25297619047619047 0.04
4979 0.5982142857142857 0.5622222222222222 0.25 0.044444444444444446
4980 0.47172619047619047 0.6033333333333334 0.3958333333333333 0.04666666666666667
4979 0.3005952380952381 0.6677777777777778 0.27976190476190477 0.04666666666666667
3534 0.6205357142857143 0.67 0.33630952380952384 0.051111111111111114
4981 0.21279761904761904 0.7188888888888889 0.12797619047619047 0.03333333333333333
4982 0.3705357142857143 0.72 0.15773809523809523 0.03111111111111111
4983 0.5744047619047619 0.72 0.22023809523809523 0.03111111111111111
821 0.7425595238095238 0.72 0.10416666666666667 0.035555555555555556
