309 0.3578703703703704 0.5363036303630363 0.11203703703703703 0.0
81 0.46111111111111114 0.533003300330033 0.08518518518518518 0.0
1769 0.4009259259259259 0.4504950495049505 0.3037037037037037 0.20462046204620463
6 0.4027777777777778 0.6815181518151815 0.21481481481481482 0.0594059405940594
6 0.4009259259259259 0.7508250825082509 0.1574074074074074 0.026402640264026403
331 0.26944444444444443 0.6600660066006601 0.025925925925925925 0.14521452145214522
1770 0.31296296296296294 0.7821782178217822 0.05555555555555555 0.07590759075907591
191 0.39444444444444443 0.8358085808580858 0.08148148148148149 0.01155115511551155
309 0.4861111111111111 0.7739273927392739 0.06851851851851852 0.10231023102310231
81 0.5305555555555556 0.6361386138613861 0.018518518518518517 0.12376237623762376
6 0.8703703703703703 0.03382838283828383 0.18518518518518517 0.054455445544554455
