5506 0.17083333333333334 0.26796875 0.12222222222222222 0.1234375
1713 0.15208333333333332 0.383984375 0.015277777777777777 0.06328125
5507 0.21388888888888888 0.4625 0.1 0.0890625
2709 0.2986111111111111 0.535546875 0.06111111111111111 0.04765625
5508 0.4576388888888889 0.553125 0.14027777777777778 0.009375
120 0.5708333333333333 0.563671875 0.06388888888888888 0.01796875
0 0.6375 0.551953125 0.08888888888888889 0.00703125
5509 0.7277777777777777 0.49609375 0.11944444444444445 0.0609375
4845 0.8069444444444445 0.42578125 0.03888888888888889 0.0609375
5510 0.4173611111111111 0.162109375 0.12916666666666668 0.01640625
5511 0.5416666666666666 0.159375 0.08888888888888889 0.0109375
5512 0.6479166666666667 0.178515625 0.08472222222222223 0.02734375
4905 0.7756944444444445 0.237109375 0.08472222222222223 0.05390625
5513 0.8402777777777778 0.29375 0.03611111111111111 0.0453125
4846 0.8423611111111111 0.339453125 0.0375 0.03671875
3951 0.4777777777777778 0.30546875 0.08611111111111111 0.0328125
5514 0.4111111111111111 0.223828125 0.09444444444444444 0.05078125
6 0.3277777777777778 0.25078125 0.002777777777777778 0.071875
