2057 0.5307539682539683 0.3747795414462081 0.3115079365079365 0.0582010582010582
105 0.40674603174603174 0.5246913580246914 0.041666666666666664 0.037037037037037035
106 0.470734126984127 0.47883597883597884 0.0763888888888889 0.03350970017636684
927 0.6091269841269841 0.4858906525573192 0.1130952380952381 0.054673721340388004
2102 0.4166666666666667 0.58994708994709 0.05952380952380952 0.029982363315696647
149 0.47172619047619047 0.582010582010582 0.05257936507936508 0.024691358024691357
2103 0.5620039682539683 0.6128747795414462 0.03670634920634921 0.015873015873015872
1046 0.591765873015873 0.6216931216931217 0.020833333333333332 0.012345679012345678
1047 0.6354166666666666 0.6181657848324515 0.060515873015873016 0.015873015873015872
2057 0.1359126984126984 0.40299823633156967 0.06746031746031746 0.12874779541446207
6 0.11904761904761904 0.5326278659611993 0.19444444444444445 0.13403880070546736
6 0.046130952380952384 0.6596119929453262 0.0763888888888889 0.007054673721340388
6 0.16765873015873015 0.6287477954144621 0.09126984126984126 0.05114638447971781
