4502 0.36885245901639346 0.091 0.08852459016393442 0.006
325 0.4377049180327869 0.051 0.07213114754098361 0.018
329 0.5385245901639344 0.06 0.10983606557377049 0.028
4503 0.6368852459016393 0.12 0.06393442622950819 0.1
4504 0.3778688524590164 0.156 0.060655737704918035 0.052
1614 0.6704918032786885 0.214 0.06229508196721312 0.048
852 0.46967213114754097 0.25 0.12950819672131147 0.072
34 0.5565573770491803 0.316 0.03442622950819672 0.052
3529 0.6262295081967213 0.263 0.08852459016393442 0.05
6 0.5401639344262295 0.502 0.4377049180327869 0.156
6 0.5229508196721312 0.79 0.5442622950819672 0.216
