2559 0.04005722460658083 0.312 0.07725321888412018 0.016
2560 0.22675250357653792 0.345 0.09871244635193133 0.018
923 0.26394849785407726 0.358 0.0357653791130186 0.004
2557 0.20743919885550788 0.584 0.24320457796852646 0.04
609 0.5958512160228898 0.617 0.47639484978540775 0.086
1046 0.3032904148783977 0.877 0.0944206008583691 0.014
2558 0.3240343347639485 0.92 0.20743919885550788 0.1
6 0.1609442060085837 0.198 0.13876967095851217 0.004
6 0.1044349070100143 0.273 0.05436337625178827 0.01
6 0.04005722460658083 0.68 0.06580829756795423 0.132
6 0.030042918454935622 0.51 0.04864091559370529 0.032
