2095 0.697265625 0.1671875 0.33671875 0.065625
415 0.71171875 0.4192708333333333 0.2625 0.18020833333333333
3495 0.535546875 0.5255208333333333 0.09921875 0.06979166666666667
94 0.63515625 0.5453125 0.0671875 0.059375
580 0.713671875 0.559375 0.07578125 0.06875
3496 0.80546875 0.5708333333333333 0.075 0.06041666666666667
3497 0.8890625 0.5890625 0.0796875 0.059375
3498 0.106640625 0.6229166666666667 0.16328125 0.15
109 0.328125 0.6458333333333334 0.175 0.13958333333333334
6 0.46171875 0.6588541666666666 0.0625 0.128125
451 0.7234375 0.6885416666666667 0.421875 0.15
6 0.898046875 0.9770833333333333 0.09140625 0.035416666666666666
