414 0.225 0.08671875 0.10208333333333333 0.0
73 0.3229166666666667 0.0828125 0.08125 0.0
415 0.13958333333333334 0.0859375 0.06041666666666667 0.0
416 0.38229166666666664 0.22890625 0.05416666666666667 0.0
417 0.5140625 0.23359375 0.046875 0.0
418 0.43072916666666666 0.2328125 0.036458333333333336 0.0
419 0.15572916666666667 0.155859375 0.04479166666666667 0.01328125
418 0.20260416666666667 0.1671875 0.03229166666666667 0.00625
420 0.2515625 0.169140625 0.04895833333333333 0.00234375
421 0.30833333333333335 0.155859375 0.04791666666666667 0.01796875
422 0.3984375 0.171484375 0.034375 0.03671875
414 0.4817708333333333 0.169140625 0.12604166666666666 0.03046875
73 0.44635416666666666 0.201953125 0.153125 0.02421875
423 0.46927083333333336 0.241015625 0.040625 0.01953125
6 0.45416666666666666 0.275390625 0.17916666666666667 0.03828125
424 0.052083333333333336 0.35234375 0.0625 0.065625
6 0.1296875 0.3421875 0.10104166666666667 0.0671875
