3 0.88828125 0.12578125 0.053125 0.0
3960 0.38046875 0.2875 0.125 0.075
3961 0.497265625 0.308203125 0.06171875 0.07890625
269 0.430078125 0.377734375 0.15546875 0.01015625
3960 0.73125 0.58984375 0.0515625 0.0484375
3961 0.7828125 0.5953125 0.0265625 0.0453125
269 0.750390625 0.633203125 0.05390625 0.00234375
3962 0.951953125 0.201953125 0.02734375 0.02578125
3963 0.419140625 0.691015625 0.08046875 0.00859375
6 0.40234375 0.7265625 0.0484375 0.01875
6 0.425390625 0.795703125 0.08046875 0.00234375
3964 0.803125 0.694921875 0.0296875 0.00859375
3965 0.805078125 0.709375 0.03671875 0.015625
3966 0.035546875 0.705078125 0.06640625 0.02109375
