3301 0.40285714285714286 0.1375 0.04857142857142857 0.02
3715 0.44857142857142857 0.12625 0.04 0.0125
2042 0.5121428571428571 0.125 0.07285714285714286 0.005
451 0.6007142857142858 0.1375 0.10714285714285714 0.03
6 0.5121428571428571 0.2125 0.10714285714285714 0.08
6 0.32571428571428573 0.195 0.04285714285714286 0.065
6 0.7028571428571428 0.19625 0.04 0.0525
40 0.3992857142857143 0.285 0.05 0.045
153 0.45285714285714285 0.2825 0.045714285714285714 0.045
2829 0.4992857142857143 0.285 0.04428571428571428 0.045
3305 0.5621428571428572 0.28875 0.07857142857142857 0.0425
65 0.6285714285714286 0.29 0.05714285714285714 0.045
1522 0.5914285714285714 0.2425 0.02857142857142857 0.035
3716 0.62 0.245 0.022857142857142857 0.04
3717 0.6471428571428571 0.24375 0.03428571428571429 0.0325
220 0.2835714285714286 0.49375 0.02142857142857143 0.0325
