220 0.19387335526315788 0.3015368309485957 0.12952302631578946 0.08267090620031796
2909 0.5766858552631579 0.26894541600423955 0.5990953947368421 0.07154213036565978
1522 0.36225328947368424 0.35241123476417596 0.044407894736842105 0.05405405405405406
2910 0.43359375 0.3547959724430313 0.06949013157894737 0.0492845786963434
2911 0.5219983552631579 0.3627450980392157 0.08264802631578948 0.046104928457869634
2912 0.6225328947368421 0.3683094859565448 0.09375 0.04133545310015898
743 0.518297697368421 0.4788023317435082 0.37870065789473684 0.12241653418124006
2913 0.17166940789473684 0.550344462109168 0.09251644736842106 0.08108108108108109
2914 0.3314144736842105 0.5582935877053524 0.1875 0.08426073131955485
379 0.5713404605263158 0.5829358770535241 0.24547697368421054 0.0985691573926868
6 0.7267680921052632 0.5924748277689454 0.05304276315789474 0.06677265500794913
2915 0.8361430921052632 0.5821409644939056 0.13692434210526316 0.08426073131955485
187 0.53125 0.6664016958134605 0.15049342105263158 0.001589825119236884
2916 0.5331003289473685 0.68706942236354 0.06044407894736842 0.0397456279809221
