6 0.2781818181818182 0.912621359223301 0.06545454545454546 0.0
4483 0.3572727272727273 0.2686084142394822 0.1 0.0
6 0.1890909090909091 0.9093851132686084 0.05818181818181818 0.0
6 0.2290909090909091 0.912621359223301 0.025454545454545455 0.0
0 0.34454545454545454 0.03559870550161812 0.012727272727272728 0.05177993527508091
4484 0.2927272727272727 0.11812297734627832 0.12727272727272726 0.009708737864077669
4485 0.2881818181818182 0.15372168284789645 0.15454545454545454 0.022653721682847898
4486 0.2318181818181818 0.28802588996763756 0.13636363636363635 0.08414239482200647
4483 0.6954545454545454 0.3042071197411003 0.11818181818181818 0.019417475728155338
4486 0.5918181818181818 0.42394822006472493 0.08181818181818182 0.0
6 0.6463636363636364 0.7022653721682848 0.11090909090909092 0.07119741100323625
