1334 0.35385878489326766 0.4439814814814815 0.12315270935960591 0.008333333333333333
1335 0.43349753694581283 0.5393518518518519 0.10837438423645321 0.12129629629629629
1336 0.4967159277504105 0.6268518518518519 0.07389162561576355 0.007407407407407408
153 0.5361247947454844 0.5662037037037037 0.04433497536945813 0.08055555555555556
1337 0.577175697865353 0.41759259259259257 0.1297208538587849 0.07222222222222222
1338 0.6814449917898193 0.33101851851851855 0.12807881773399016 0.062037037037037036
1339 0.7060755336617406 0.3912037037037037 0.2561576354679803 0.125
1340 0.8013136288998358 0.19212962962962962 0.16091954022988506 0.07685185185185185
254 0.8949096880131363 0.12175925925925926 0.09523809523809523 0.025
1338 0.3497536945812808 0.7337962962962963 0.06896551724137931 0.028703703703703703
6 0.2996715927750411 0.7935185185185185 0.0049261083743842365 0.07962962962962963
