714 0.4484375 0.16770833333333332 0.1171875 0.027083333333333334
715 0.48515625 0.30364583333333334 0.2 0.08854166666666667
164 0.48359375 0.4348958333333333 0.1921875 0.16354166666666667
716 0.516015625 0.5005208333333333 0.07734375 0.06770833333333333
717 0.513671875 0.5348958333333333 0.07734375 0.06354166666666666
718 0.48046875 0.603125 0.1515625 0.1
719 0.48515625 0.6338541666666667 0.1140625 0.071875
720 0.486328125 0.675 0.10703125 0.06875
721 0.48515625 0.7057291666666666 0.1 0.065625
40 0.45546875 0.7359375 0.05625 0.053125
722 0.51875 0.7567708333333333 0.05625 0.05520833333333333
723 0.48125 0.7744791666666667 0.0421875 0.034375
724 0.484765625 0.7927083333333333 0.08203125 0.04791666666666667
725 0.434765625 0.8182291666666667 0.06171875 0.065625
726 0.52265625 0.8453125 0.0734375 0.065625
727 0.48125 0.9390625 0.05625 0.046875
