2514 0.33900709219858155 0.9173728813559322 0.1276595744680851 0.0
2515 0.4929078014184397 0.9300847457627118 0.07234042553191489 0.0
2516 0.18368794326241134 0.13347457627118645 0.28794326241134754 0.0
627 0.775177304964539 0.940677966101695 0.08652482269503546 0.0
2517 0.6709219858156028 0.9427966101694916 0.09929078014184398 0.0
153 0.22340425531914893 0.9110169491525424 0.08652482269503546 0.0
2518 0.23120567375886525 0.6101694915254238 0.1276595744680851 0.0
2519 0.5879432624113475 0.5317796610169492 0.08936170212765958 0.0
6 0.06028368794326241 0.9533898305084746 0.11205673758865248 0.0
2520 0.06524822695035461 0.6970338983050848 0.11631205673758865 0.0
1061 0.1773049645390071 0.5233050847457628 0.150354609929078 0.0
2521 0.1099290780141844 0.2330508474576271 0.1574468085106383 0.0
217 0.20070921985815604 0.3241525423728814 0.10921985815602837 0.0
2522 0.04680851063829787 0.4088983050847458 0.08794326241134752 0.0
2523 0.04680851063829787 0.5127118644067796 0.0851063829787234 0.0
2524 0.058865248226950356 0.6122881355932204 0.10638297872340426 0.0
2525 0.07092198581560284 0.3199152542372881 0.1276595744680851 0.0
36 0.4326241134751773 0.9216101694915254 0.03404255319148936 0.0
0 0.20425531914893616 0.4216101694915254 0.0851063829787234 0.0
2526 0.05106382978723404 0.8961864406779662 0.09645390070921986 0.0
2527 0.1921985815602837 0.0423728813559322 0.21134751773049645 0.0
34 0.33687943262411346 0.03177966101694915 0.06382978723404255 0.0
118 0.2907801418439716 0.5254237288135594 0.05390070921985816 0.0
34 0.2297872340425532 0.2330508474576271 0.05673758865248227 0.0
577 0.5617021276595745 0.9279661016949152 0.04539007092198582 0.0
118 0.12624113475177304 0.423728813559322 0.05106382978723404 0.0
6 0.1595744680851064 0.9555084745762712 0.075177304964539 0.0
220 0.6021276595744681 0.9385593220338984 0.018439716312056736 0.0
6 0.25460992907801416 0.961864406779661 0.1148936170212766 0.0
2528 0.03971631205673759 0.09110169491525423 0.06524822695035461 0.07203389830508475
121 0.01702127659574468 0.1896186440677966 0.02553191489361702 0.05296610169491525
2529 0.14326241134751774 0.9290254237288136 0.059574468085106386 0.03177966101694915
2530 0.37163120567375885 0.3559322033898305 0.031205673758865248 0.2457627118644068
2531 0.500709219858156 0.11546610169491525 0.19290780141843972 0.15889830508474576
344 0.7453900709219858 0.13347457627118645 0.225531914893617 0.21610169491525424
802 0.8780141843971632 0.4163135593220339 0.011347517730496455 0.22245762711864406
2532 0.5375886524822695 0.15360169491525424 0.09078014184397164 0.057203389830508475
343 0.6780141843971631 0.15466101694915255 0.13617021276595745 0.059322033898305086
2533 0.6177304964539007 0.3305084745762712 0.19432624113475178 0.05508474576271186
2534 0.5198581560283688 0.4258474576271186 0.11205673758865248 0.059322033898305086
1019 0.6886524822695036 0.4300847457627119 0.07234042553191489 0.046610169491525424
2535 0.4574468085106383 0.4004237288135593 0.0070921985815602835 0.18220338983050846
2536 0.44680851063829785 0.538135593220339 0.0028368794326241137 0.06779661016949153
2537 0.5638297872340425 0.503177966101695 0.08368794326241134 0.0614406779661017
2538 0.6645390070921986 0.510593220338983 0.08652482269503546 0.05084745762711865
752 0.6638297872340425 0.5741525423728814 0.03404255319148936 0.046610169491525424
752 0.7964539007092198 0.3463983050847458 0.02127659574468085 0.0614406779661017
1075 0.4078014184397163 0.5953389830508474 0.024113475177304965 0.08050847457627118
2539 0.48156028368794324 0.6684322033898306 0.08652482269503546 0.11228813559322035
0 0.5900709219858156 0.7489406779661016 0.07092198581560284 0.019067796610169493
2540 0.7297872340425532 0.6800847457627118 0.15460992907801419 0.13135593220338984
1833 0.4808510638297872 0.6133474576271186 0.005673758865248227 0.06567796610169492
434 0.5205673758865248 0.6663135593220338 0.028368794326241134 0.06567796610169492
1566 0.5617021276595745 0.6970338983050848 0.011347517730496455 0.05084745762711865
2541 0.675177304964539 0.6504237288135594 0.12482269503546099 0.06779661016949153
2542 0.7702127659574468 0.586864406779661 0.04822695035460993 0.0211864406779661
2543 0.7836879432624113 0.4968220338983051 0.009929078014184398 0.04449152542372881
