1969 0.548051948051948 0.11186770428015565 0.12467532467532468 0.05252918287937743
5334 0.6642857142857143 0.2178988326848249 0.07922077922077922 0.12840466926070038
0 0.7181818181818181 0.4961089494163424 0.015584415584415584 0.12840466926070038
5335 0.6448051948051948 0.6877431906614786 0.13376623376623376 0.17704280155642024
34 0.5233766233766234 0.7431906614785992 0.05974025974025974 0.06614785992217899
5336 0.40194805194805194 0.7392996108949417 0.12337662337662338 0.07392996108949416
5334 0.2935064935064935 0.48540856031128404 0.005194805194805195 0.19649805447470817
2529 0.37597402597402596 0.2198443579766537 0.08701298701298701 0.08171206225680934
5337 0.5246753246753246 0.1916342412451362 0.17662337662337663 0.048638132295719845
1453 0.6551948051948052 0.5116731517509727 0.04025974025974026 0.16342412451361868
120 0.5876623376623377 0.6624513618677043 0.07662337662337662 0.07198443579766536
5338 0.4844155844155844 0.6955252918287937 0.08571428571428572 0.013618677042801557
627 0.36948051948051946 0.5924124513618677 0.048051948051948054 0.09922178988326848
5339 0.41363636363636364 0.3647859922178988 0.06363636363636363 0.1303501945525292
118 0.5798701298701299 0.29863813229571984 0.053246753246753244 0.07198443579766536
3294 0.5987012987012987 0.43190661478599224 0.03636363636363636 0.09727626459143969
5340 0.5454545454545454 0.5982490272373541 0.07012987012987013 0.048638132295719845
