1587 0.6900826446280992 0.334 0.23415977961432508 0.0
1493 0.27823691460055094 0.29 0.5179063360881543 0.0
1588 0.3787878787878788 0.228 0.12396694214876033 0.0
753 0.11983471074380166 0.163 0.06336088154269973 0.186
1589 0.2362258953168044 0.173 0.06473829201101929 0.102
1590 0.29338842975206614 0.565 0.01928374655647383 0.11
1591 0.5736914600550964 0.615 0.01790633608815427 0.154
142 0.790633608815427 0.346 0.011019283746556474 0.076
1530 0.8326446280991735 0.311 0.05647382920110193 0.082
6 0.7617079889807162 0.513 0.08264462809917356 0.026
6 0.871900826446281 0.496 0.06887052341597796 0.036
6 0.7610192837465565 0.606 0.08677685950413223 0.028
6 0.8774104683195593 0.62 0.06887052341597796 0.044
6 0.7472451790633609 0.765 0.048209366391184574 0.086
