1093 0.3695652173913043 0.20833333333333334 0.0782608695652174 0.09057971014492754
5220 0.46630434782608693 0.13043478260869565 0.10652173913043478 0.028985507246376812
34 0.5413043478260869 0.15217391304347827 0.008695652173913044 0.057971014492753624
2792 0.6206521739130435 0.18659420289855072 0.09347826086956522 0.10507246376811594
5221 0.44456521739130433 0.3242753623188406 0.17608695652173914 0.06884057971014493
1014 0.5967391304347827 0.3134057971014493 0.08478260869565217 0.07608695652173914
5222 0.41304347826086957 0.411231884057971 0.11304347826086956 0.06159420289855073
3323 0.5619565217391305 0.40398550724637683 0.15869565217391304 0.06159420289855073
187 0.3978260869565217 0.483695652173913 0.1565217391304348 0.04710144927536232
122 0.5282608695652173 0.48731884057971014 0.05652173913043478 0.06159420289855073
87 0.6217391304347826 0.48007246376811596 0.09565217391304348 0.05434782608695652
2289 0.3934782608695652 0.5434782608695652 0.05652173913043478 0.050724637681159424
35 0.4608695652173913 0.5489130434782609 0.05217391304347826 0.03985507246376811
1623 0.5597826086956522 0.532608695652174 0.1282608695652174 0.007246376811594203
35 0.41956521739130437 0.6141304347826086 0.06086956521739131 0.025362318840579712
5223 0.5358695652173913 0.5815217391304348 0.14565217391304347 0.010869565217391304
2080 0.44021739130434784 0.6739130434782609 0.06739130434782609 0.07246376811594203
5224 0.5489130434782609 0.6630434782608695 0.10652173913043478 0.043478260869565216
5225 0.4989130434782609 0.7155797101449275 0.1282608695652174 0.05434782608695652
5226 0.41847826086956524 0.7681159420289855 0.058695652173913045 0.09420289855072464
577 0.46956521739130436 0.8079710144927537 0.02608695652173913 0.07246376811594203
0 0.5032608695652174 0.7989130434782609 0.03260869565217391 0.03985507246376811
995 0.5706521739130435 0.7735507246376812 0.07608695652173914 0.010869565217391304
