4505 0.46296296296296297 0.558531746031746 0.1111111111111111 0.0
104 0.3747795414462081 0.2509920634920635 0.23809523809523808 0.08928571428571429
481 0.6358024691358025 0.23511904761904762 0.19929453262786595 0.05952380952380952
4506 0.49559082892416223 0.3814484126984127 0.43033509700176364 0.010912698412698412
105 0.48236331569664903 0.4618055555555556 0.3932980599647266 0.05853174603174603
621 0.5114638447971781 0.5391865079365079 0.20458553791887124 0.000992063492063492
4507 0.36419753086419754 0.5287698412698413 0.1111111111111111 0.12301587301587301
192 0.4911816578483245 0.5882936507936508 0.14285714285714285 0.003968253968253968
347 0.6111111111111112 0.5803571428571429 0.06878306878306878 0.0
6 0.6596119929453262 0.4851190476190476 0.059964726631393295 0.13690476190476192
4508 0.572310405643739 0.5610119047619048 0.09700176366843033 0.002976190476190476
4509 0.46825396825396826 0.5808531746031746 0.06878306878306878 0.022817460317460316
