3611 0.6073752711496746 0.30346820809248554 0.455531453362256 0.16184971098265896
3612 0.6073752711496746 0.4797687861271676 0.3557483731019523 0.09248554913294797
3613 0.5455531453362256 0.588150289017341 0.227765726681128 0.0838150289017341
3614 0.737527114967462 0.5982658959537572 0.09544468546637744 0.09248554913294797
3615 0.5119305856832972 0.7398843930635838 0.25162689804772237 0.057803468208092484
3614 0.7082429501084598 0.7413294797687862 0.08459869848156182 0.05491329479768786
347 0.8091106290672451 0.7427745664739884 0.0650759219088937 0.06358381502890173
34 0.47830802603036876 0.8063583815028902 0.0368763557483731 0.07514450867052024
1322 0.5835140997830802 0.8063583815028902 0.09978308026030369 0.005780346820809248
1476 0.702819956616052 0.7861271676300579 0.11279826464208242 0.04046242774566474
