6 0.240234375 0.3390625 0.26640625 0.053125
6 0.324609375 0.3927083333333333 0.43984375 0.058333333333333334
2849 0.260546875 0.6552083333333333 0.11484375 0.03333333333333333
2726 0.26015625 0.6942708333333333 0.1109375 0.04479166666666667
765 0.2609375 0.75 0.103125 0.04375
2850 0.2078125 0.8442708333333333 0.028125 0.07604166666666666
2851 0.344140625 0.8296875 0.19453125 0.053125
6 0.80703125 0.47708333333333336 0.375 0.21041666666666667
2852 0.871484375 0.6536458333333334 0.16171875 0.10729166666666666
2853 0.7125 0.7802083333333333 0.0859375 0.041666666666666664
2854 0.876953125 0.7822916666666667 0.05390625 0.05
6 0.976171875 0.6796875 0.04296875 0.053125
6 0.849609375 0.9161458333333333 0.28515625 0.042708333333333334
