1612 0.4119791666666667 0.171484375 0.13229166666666667 0.04140625
667 0.5421875 0.171875 0.078125 0.0328125
6 0.4817708333333333 0.371875 0.153125 0.021875
6 0.3375 0.58984375 0.11666666666666667 0.025
6 0.3375 0.6171875 0.11666666666666667 0.0234375
6 0.3385416666666667 0.65859375 0.13125 0.0203125
6 0.3375 0.69765625 0.10416666666666667 0.0234375
6 0.34270833333333334 0.73359375 0.12291666666666666 0.0171875
6 0.9166666666666666 0.76796875 0.03958333333333333 0.090625
6 0.8890625 0.7671875 0.03229166666666667 0.065625
6 0.8557291666666667 0.773046875 0.034375 0.02109375
