2079 0.23429602888086642 0.902 0.05270758122743682 0.0
0 0.1812274368231047 0.904 0.04043321299638989 0.0
593 0.188086642599278 0.81 0.05848375451263538 0.0
4598 0.9823104693140794 0.948 0.03104693140794224 0.0
481 0.8494584837545126 0.78 0.06570397111913358 0.0
1739 0.8133574007220217 0.934 0.09025270758122744 0.0
4599 0.24187725631768953 0.8 0.04332129963898917 0.0
4600 0.8866425992779784 0.94 0.05054151624548736 0.0
4601 0.8989169675090253 0.784 0.025992779783393503 0.0
630 0.9101083032490975 0.868 0.039711191335740074 0.0
3745 0.7447653429602888 0.682 0.0888086642599278 0.0
207 0.9490974729241878 0.788 0.061371841155234655 0.0
219 0.9288808664259928 0.942 0.026714801444043323 0.0
377 0.7956678700361011 0.444 0.13862815884476534 0.0
4602 0.9534296028880866 0.868 0.03393501805054152 0.0
120 0.8285198555956679 0.864 0.023826714801444042 0.0
4603 0.8545126353790614 0.678 0.13212996389891696 0.0
373 0.879783393501805 0.86 0.01227436823104693 0.0
4604 0.6873646209386282 0.582 0.13574007220216608 0.08
4605 0.8552346570397112 0.566 0.18267148014440432 0.06
118 0.8801444043321299 0.489 0.018772563176895306 0.078
2799 0.972202166064982 0.613 0.03393501805054152 0.058
220 0.8072202166064982 0.818 0.01588447653429603 0.064
493 0.8512635379061372 0.886 0.017328519855595668 0.052
6 0.4014440433212996 0.925 0.0592057761732852 0.07
6 0.5552346570397112 0.933 0.046209386281588445 0.07
