4629 0.5143229166666666 0.9248046875 0.1796875 0.0
1322 0.2766927083333333 0.38916015625 0.00390625 0.1318359375
1476 0.3645833333333333 0.25537109375 0.15625 0.0986328125
4630 0.6256510416666666 0.29248046875 0.2825520833333333 0.1904296875
1899 0.5065104166666666 0.38427734375 0.24479166666666666 0.1533203125
331 0.4401041666666667 0.49169921875 0.18229166666666666 0.0556640625
4631 0.6067708333333334 0.4970703125 0.109375 0.04296875
6 0.5065104166666666 0.88525390625 0.2760416666666667 0.0537109375
6 0.6341145833333334 0.95654296875 0.046875 0.0146484375
6 0.3971354166666667 0.96435546875 0.057291666666666664 0.0166015625
