6 0.9233333333333333 0.8768844221105527 0.14333333333333334 0.0
6 0.9675 0.9447236180904522 0.055 0.0
6 0.905 0.9472361809045227 0.07333333333333333 0.0
6 0.8258333333333333 0.8894472361809045 0.058333333333333334 0.0
4675 0.43166666666666664 0.39195979899497485 0.09 0.10552763819095477
4676 0.4191666666666667 0.5703517587939698 0.045 0.1658291457286432
4677 0.4875 0.614321608040201 0.07166666666666667 0.0829145728643216
4678 0.52 0.3655778894472362 0.06333333333333334 0.0728643216080402
4437 0.53 0.49874371859296485 0.0 0.09798994974874371
6 0.2025 0.7311557788944724 0.07166666666666667 0.04522613065326633
378 0.39666666666666667 0.7600502512562815 0.06666666666666667 0.03768844221105527
3723 0.48 0.7449748743718593 0.09 0.02763819095477387
4679 0.5466666666666666 0.7487437185929648 0.04666666666666667 0.04522613065326633
