2603 0.42110906862745096 0.340890522875817 0.02849264705882353 0.030637254901960783
2856 0.44638480392156865 0.2820669934640523 0.03860294117647059 0.04044117647058824
2447 0.49004289215686275 0.2581699346405229 0.043198529411764705 0.0024509803921568627
314 0.5396752450980392 0.272875816993464 0.03768382352941176 0.031862745098039214
6 0.45327818627450983 0.42177287581699346 0.05606617647058824 0.05024509803921569
5131 0.8457414215686274 0.8286356209150327 0.08731617647058823 0.0428921568627451
471 0.9551164215686274 0.8304738562091504 0.08731617647058823 0.041666666666666664
6 0.3314950980392157 0.5400326797385621 0.30330882352941174 0.031862745098039214
6 0.7018995098039216 0.5185866013071896 0.3014705882352941 0.06740196078431372
6 0.33838848039215685 0.6987336601307189 0.3244485294117647 0.07475490196078431
6 0.6848958333333334 0.6625816993464052 0.2858455882352941 0.0857843137254902
6 0.0626531862745098 0.9309640522875817 0.06525735294117647 0.12990196078431374
6 0.18121936274509803 0.8984885620915033 0.05422794117647059 0.19240196078431374
