6 0.398 0.5595026642984015 0.068 0.0
2084 0.3405 0.04440497335701599 0.235 0.02486678507992895
821 0.5115 0.15719360568383658 0.073 0.17939609236234458
2085 0.6445 0.3206039076376554 0.143 0.23268206039076378
2023 0.499 0.2655417406749556 0.156 0.14031971580817051
2086 0.3675 0.8703374777975134 0.203 0.10657193605683836
622 0.5345 0.9653641207815276 0.081 0.06927175843694494
2087 0.6825 0.8534635879218473 0.209 0.15452930728241562
2023 0.9515 0.6127886323268206 0.079 0.11367673179396093
2025 0.945 0.6536412078152753 0.08 0.10657193605683836
573 0.911 0.6740674955595026 0.026 0.06571936056838366
120 0.957 0.7104795737122558 0.05 0.0852575488454707
2088 0.944 0.7495559502664298 0.042 0.09236234458259325
220 0.0595 0.9387211367673179 0.023 0.023090586145648313
2089 0.059 0.9618117229129662 0.054 0.012433392539964476
2090 0.063 0.9849023090586145 0.05 0.0053285968028419185
