1873 0.27 0.7965571205007824 0.08 0.0
1902 0.203 0.7417840375586855 0.058 0.0
6 0.66 0.92018779342723 0.024 0.0
1902 0.422 0.5665101721439749 0.112 0.13145539906103287
921 0.356 0.6752738654147105 0.064 0.0297339593114241
1903 0.44 0.6846635367762128 0.092 0.010954616588419406
959 0.511 0.6666666666666666 0.03 0.018779342723004695
921 0.315 0.7723004694835681 0.154 0.051643192488262914
1903 0.515 0.7785602503912363 0.23 0.054773082942097026
959 0.696 0.7832550860719875 0.104 0.054773082942097026
146 0.359 0.8278560250391236 0.09 0.046948356807511735
584 0.459 0.8333333333333334 0.098 0.054773082942097026
1433 0.57 0.8403755868544601 0.108 0.0594679186228482
1904 0.302 0.9154929577464789 0.184 0.053208137715179966
6 0.415 0.9272300469483568 0.026 0.04225352112676056
1164 0.475 0.9311424100156495 0.086 0.0406885758998435
1173 0.604 0.9405320813771518 0.068 0.046948356807511735
6 0.211 0.9921752738654147 0.066 0.018779342723004695
6 0.364 0.9913928012519562 0.056 0.017214397496087636
