2135 0.6182291666666667 0.4466824644549763 0.146875 0.0
2136 0.38333333333333336 0.43838862559241704 0.12083333333333333 0.0
29 0.49375 0.44549763033175355 0.07083333333333333 0.0
2137 0.475 0.18601895734597157 0.07083333333333333 0.0
36 0.27395833333333336 0.4395734597156398 0.058333333333333334 0.0
708 0.5192708333333333 0.3495260663507109 0.057291666666666664 0.0
2138 0.575 0.35071090047393366 0.03958333333333333 0.0
35 0.4588541666666667 0.3447867298578199 0.051041666666666666 0.0
217 0.5390625 0.19075829383886256 0.042708333333333334 0.0
35 0.459375 0.259478672985782 0.05 0.0
1076 0.5791666666666667 0.20260663507109006 0.029166666666666667 0.030805687203791468
2139 0.5630208333333333 0.2825829383886256 0.140625 0.027251184834123223
0 0.21458333333333332 0.19194312796208532 0.09375 0.004739336492890996
2140 0.28020833333333334 0.22808056872037916 0.22083333333333333 0.07938388625592417
2141 0.27760416666666665 0.278436018957346 0.22395833333333334 0.07345971563981042
