2269 0.6438152011922503 0.13534883720930233 0.6676602086438153 0.2427906976744186
2270 0.7146050670640834 0.3 0.3174366616989568 0.15348837209302327
723 0.18628912071535023 0.36465116279069765 0.08941877794336811 0.06883720930232558
2271 0.1751117734724292 0.4246511627906977 0.10283159463487332 0.07720930232558139
220 0.08271236959761549 0.3809302325581395 0.05216095380029806 0.12
2272 0.5946348733233979 0.6041860465116279 0.23546944858420268 0.06046511627906977
2273 0.3889716840536513 0.5902325581395349 0.13114754098360656 0.03813953488372093
6 0.4232488822652757 0.3967441860465116 0.00894187779433681 0.12930232558139534
6 0.830849478390462 0.4855813953488372 0.18330849478390462 0.053953488372093024
103 0.11475409836065574 0.6906976744186046 0.03576751117734724 0.12372093023255815
2274 0.10730253353204174 0.8641860465116279 0.029806259314456036 0.22325581395348837
