451 0.103 0.5887372013651877 0.102 0.0
6 0.392 0.5 0.044 0.0
1455 0.781 0.6467576791808873 0.142 0.0
1456 0.05 0.5324232081911263 0.048 0.0
1457 0.106 0.5307167235494881 0.052 0.0
109 0.038 0.5887372013651877 0.036 0.0
1458 0.048 0.5085324232081911 0.096 0.0
6 0.689 0.1348122866894198 0.07 0.0
6 0.509 0.5068259385665529 0.05 0.0
6 0.11 0.5699658703071673 0.052 0.0
1017 0.764 0.14505119453924914 0.056 0.017064846416382253
1459 0.076 0.6697952218430034 0.06 0.08020477815699659
92 0.149 0.6348122866894198 0.074 0.010238907849829351
1460 0.214 0.6689419795221843 0.04 0.05802047781569966
6 0.517 0.6015358361774744 0.062 0.032423208191126277
6 0.614 0.6416382252559727 0.052 0.023890784982935155
6 0.185 0.5674061433447098 0.082 0.03583617747440273
6 0.177 0.8643344709897611 0.246 0.2098976109215017
