1038 0.444375 0.10760667903525047 0.12375 0.13358070500927643
1034 0.44875 0.2847866419294991 0.075 0.10204081632653061
1039 0.539375 0.2820037105751391 0.07875 0.10760667903525047
331 0.47 0.27736549165120594 0.0575 0.02411873840445269
3267 0.52625 0.27365491651205937 0.0425 0.03153988868274583
3268 0.496875 0.4749536178107607 0.37875 0.09276437847866419
3269 0.389375 0.5909090909090909 0.31375 0.07606679035250463
2634 0.658125 0.5899814471243042 0.18375 0.09276437847866419
1034 0.2325 0.7402597402597403 0.1725 0.07792207792207792
1725 0.501875 0.7365491651205937 0.31625 0.07792207792207792
802 0.76625 0.735621521335807 0.1675 0.07235621521335807
220 0.17125 0.8933209647495362 0.0425 0.07235621521335807
1038 0.3675 0.8951762523191095 0.3225 0.0686456400742115
1034 0.614375 0.8970315398886828 0.14625 0.06493506493506493
802 0.77375 0.8951762523191095 0.1375 0.061224489795918366
