4016 0.3463541666666667 0.85234375 0.215625 0.0
4017 0.5041666666666667 0.09453125 0.10208333333333333 0.0
4018 0.3807291666666667 0.090625 0.11145833333333334 0.0
4019 0.378125 0.7140625 0.12916666666666668 0.0
4020 0.26458333333333334 0.5765625 0.20416666666666666 0.0
4021 0.8890625 0.171875 0.159375 0.0
4022 0.4421875 0.38203125 0.084375 0.0
959 0.41458333333333336 0.5765625 0.09166666666666666 0.0
4019 0.24166666666666667 0.65390625 0.13541666666666666 0.0
68 0.2390625 0.715625 0.12395833333333334 0.0
4023 0.5234375 0.46328125 0.09895833333333333 0.0
1393 0.2578125 0.68828125 0.14479166666666668 0.0
4024 0.3578125 0.74375 0.13854166666666667 0.0
4018 0.5244791666666667 0.24140625 0.128125 0.0
4025 0.39739583333333334 0.63359375 0.115625 0.0
1522 0.203125 0.85390625 0.05625 0.0
842 0.25833333333333336 0.7953125 0.075 0.0
4026 0.9307291666666667 0.2234375 0.09479166666666666 0.0
4027 0.22447916666666667 0.8234375 0.09270833333333334 0.0
67 0.23802083333333332 0.62578125 0.11979166666666667 0.0
29 0.5046875 0.2234375 0.065625 0.0
2803 0.38333333333333336 0.6875 0.10625 0.0
4028 0.8333333333333334 0.2265625 0.08125 0.0
1267 0.3416666666666667 0.821875 0.075 0.0
4029 0.36041666666666666 0.79453125 0.06666666666666667 0.0
2043 0.41302083333333334 0.821875 0.065625 0.0
6 0.2682291666666667 0.075 0.051041666666666666 0.0
6 0.16354166666666667 0.05 0.0625 0.0
6 0.16510416666666666 0.034375 0.04479166666666667 0.05
4030 0.46510416666666665 0.08203125 0.20520833333333333 0.021875
3967 0.7078125 0.114453125 0.08229166666666667 0.16796875
4031 0.7098958333333333 0.222265625 0.10729166666666666 0.01328125
3946 0.30885416666666665 0.453515625 0.30104166666666665 0.00390625
6 0.31302083333333336 0.484765625 0.121875 0.02421875
6 0.5432291666666667 0.605859375 0.12604166666666666 0.06484375
