1267 0.385 0.840625 0.13666666666666666 0.0
220 0.07666666666666666 0.2921875 0.08666666666666667 0.028125
1322 0.11333333333333333 0.1546875 0.1 0.153125
5536 0.275 0.0421875 0.21 0.071875
0 0.6666666666666666 0.0484375 0.02666666666666667 0.071875
378 0.815 0.178125 0.14333333333333334 0.25625
6 0.4533333333333333 0.1875 0.18 0.05
6 0.4583333333333333 0.3328125 0.44333333333333336 0.034375
6 0.46 0.4890625 0.6933333333333334 0.028125
6 0.48 0.6265625 0.8266666666666667 0.065625
6 0.485 0.7765625 0.83 0.078125
627 0.5516666666666666 0.8765625 0.16333333333333333 0.071875
2439 0.38 0.94375 0.29333333333333333 0.08125
2440 0.625 0.9578125 0.15666666666666668 0.071875
