1240 0.34278668310727495 0.53 0.0468557336621455 0.0
1241 0.9790382244143033 0.878 0.03945745992601726 0.0
335 0.5745992601726264 0.976 0.02466091245376079 0.0
1242 0.6979038224414303 0.964 0.02219482120838471 0.0
6 0.6048088779284834 0.82 0.0530209617755857 0.0
1243 0.27681874229346487 0.245 0.06781750924784218 0.01
1244 0.4913686806411837 0.255 0.08014796547472257 0.03
1245 0.6646115906288532 0.259 0.05672009864364982 0.026
1246 0.3150431565967941 0.884 0.06781750924784218 0.036
1247 0.3810110974106042 0.876 0.051787916152897656 0.04
1248 0.5856966707768188 0.543 0.03945745992601726 0.026
1248 0.6140567200986436 0.527 0.032059186189889025 0.014
1249 0.6159062885326757 0.984 0.0530209617755857 0.02
1250 0.6633785450061652 0.977 0.0468557336621455 0.022
6 0.5209617755856967 0.995 0.06288532675709001 0.006
