1446 0.03671875 0.3907074973600845 0.065625 0.0
3857 0.04375 0.3125659978880676 0.0375 0.0
6 0.013671875 0.35163674762407604 0.01953125 0.0
6 0.77734375 0.32312565997888065 0.165625 0.0
1566 0.013671875 0.3115100316789863 0.01953125 0.0
6 0.04375 0.37328405491024286 0.03125 0.028511087645195353
2674 0.74453125 0.39809926082365366 0.028125 0.050686378035902854
2977 0.79921875 0.3991552270327349 0.0234375 0.042238648363252376
2977 0.753515625 0.4545934530095037 0.01953125 0.026399155227032733
2674 0.784765625 0.45195353748680045 0.01953125 0.03167898627243928
66 0.77421875 0.5015839493136219 0.171875 0.025343189017951427
3129 0.775 0.5200633579725449 0.140625 0.022175290390707498
85 0.77421875 0.5369588173178458 0.078125 0.02006335797254488
