3553 0.32205578512396693 0.23553719008264462 0.06043388429752066 0.04132231404958678
3554 0.37086776859504134 0.1474690082644628 0.08677685950413223 0.06353305785123967
3555 0.49328512396694213 0.11570247933884298 0.13016528925619836 0.0
3556 0.637396694214876 0.1890495867768595 0.13636363636363635 0.14359504132231404
3557 0.43207644628099173 0.6033057851239669 0.21539256198347106 0.0371900826446281
3558 0.6265495867768595 0.6048553719008265 0.10847107438016529 0.040289256198347105
3559 0.3432334710743802 0.6800103305785123 0.26911157024793386 0.04183884297520661
3560 0.5746384297520661 0.6745867768595041 0.16270661157024793 0.0371900826446281
3561 0.7332128099173554 0.6753615702479339 0.13894628099173553 0.04183884297520661
3562 0.14643595041322313 0.7518078512396694 0.22572314049586778 0.042871900826446284
3563 0.30888429752066116 0.7463842975206612 0.06818181818181818 0.038223140495867766
3564 0.44757231404958675 0.7479338842975206 0.19369834710743802 0.04442148760330578
3565 0.6774276859504132 0.7471590909090909 0.2381198347107438 0.042871900826446284
3566 0.8902376033057852 0.7518078512396694 0.16580578512396693 0.03977272727272727
