14 0.585264 0.781363 0.135779 0.128468 0.100485
0 0.306306 0.908926 0.0978121 0.107358 0.100661
11 0.606821 0.660736 0.136422 0.130881 0.10176
19 0.836551 0.672497 0.138996 0.130277 0.102198
22 0.927606 0.736731 0.134492 0.130881 0.103584
0 0.353282 0.819662 0.136422 0.127865 0.10573
11 0.606178 0.723462 0.136422 0.130881 0.106436
22 0.721686 0.902895 0.130631 0.124246 0.108959
0 0.910553 0.794331 0.131274 0.126659 0.109812
0 0.557915 0.749095 0.133848 0.129071 0.11116
8 0.44112 0.253317 0.0289575 0.0518697 0.112114
0 0.583977 0.922195 0.110039 0.120627 0.114888
22 0.429215 0.851025 0.133848 0.129071 0.116575
11 0.891892 0.749698 0.135135 0.127865 0.117918
29 0.58462 0.896864 0.0469755 0.11339 0.118495
19 0.877091 0.832328 0.135135 0.125452 0.120276
13 0.795367 0.736731 0.136422 0.127262 0.120438
20 0.639961 0.704765 0.135779 0.129674 0.121602
22 0.502896 0.864596 0.135779 0.129674 0.121608
14 0.842664 0.819361 0.137066 0.128468 0.123067
22 0.45592 0.731001 0.134492 0.124246 0.123214
11 0.23166 0.647467 0.133848 0.129674 0.124452
22 0.265766 0.806092 0.136422 0.123643 0.128837
0 0.272844 0.93456 0.123552 0.129674 0.130946
11 0.469434 0.937877 0.130631 0.120627 0.132439
9 0.109717 0.615501 0.135779 0.127262 0.134832
10 0.529923 0.908926 0.131918 0.127865 0.149785
11 0.80888 0.937274 0.136422 0.125452 0.152763
9 0.142535 0.584137 0.135779 0.127262 0.155156
11 0.640283 0.686369 0.135135 0.127865 0.162606
11 0.618726 0.781363 0.135779 0.129674 0.162957
22 0.706885 0.863691 0.134492 0.114596 0.168552
11 0.721686 0.768697 0.135779 0.129674 0.178423
22 0.530888 0.788299 0.132561 0.12304 0.182871
0 0.0807593 0.920989 0.125483 0.129071 0.187143
11 0.903475 0.813631 0.133848 0.129071 0.187537
11 0.557272 0.914958 0.129987 0.130277 0.191694
7 0.266088 0.6924 0.138353 0.130277 0.196117
11 0.856821 0.723764 0.134492 0.131484 0.200349
11 0.741634 0.922497 0.130631 0.129674 0.202128
22 0.116152 0.820265 0.134492 0.127865 0.20582
11 0.77574 0.779855 0.137066 0.127865 0.225423
11 0.754183 0.742159 0.133848 0.130881 0.23243
11 0.149614 0.789505 0.134492 0.130277 0.235258
11 0.815315 0.755428 0.136422 0.130881 0.242608
22 0.0949163 0.756333 0.134492 0.130277 0.244842
0 0.782497 0.933957 0.135135 0.128468 0.256985
11 0.517053 0.936369 0.129344 0.127262 0.259863
11 0.248069 0.120929 0.00965251 0.0476478 0.269659
1 0.177928 0.120024 0.0353925 0.0506634 0.276647
8 0.248069 0.120326 0.00965251 0.0464415 0.305617
8 0.424389 0.253016 0.0122265 0.0512666 0.326005
1 0.714286 0.0554885 0.036036 0.0494572 0.355518
3 0.227477 0.187877 0.0353925 0.048854 0.411632
3 0.0859073 0.187877 0.0353925 0.0500603 0.437488
8 0.646075 0.0536791 0.010296 0.0458384 0.587064
11 0.629344 0.0536791 0.010296 0.0458384 0.63272
3 0.714607 0.0542823 0.0366795 0.0470446 0.65749
8 0.72426 0.186671 0.0122265 0.0476478 0.666834
3 0.178893 0.120627 0.036036 0.0470446 0.722516
1 0.0859073 0.186972 0.0353925 0.0470446 0.7228
8 0.636744 0.253619 0.0135135 0.0464415 0.758195
1 0.66538 0.253619 0.037323 0.0476478 0.760343
1 0.227477 0.187274 0.0353925 0.0476478 0.784251
8 0.713642 0.253619 0.014157 0.0464415 0.818087
0 0.60843 0.25965 0.0328185 0.035585 0.833737
1 0.397683 0.187274 0.037323 0.0464415 0.843884
8 0.327864 0.120627 0.0122265 0.0458384 0.847198
8 0.407336 0.253619 0.01287 0.0464415 0.852987
9 0.138674 0.260253 0.0302445 0.0609168 0.854864
15 0.712999 0.131785 0.036036 0.0464415 0.857695
20 0.438224 0.1924 0.033462 0.0373945 0.872617
19 0.446589 0.122437 0.024453 0.0434258 0.887105
2 0.574646 0.126357 0.032175 0.035585 0.887214
15 0.570142 0.265078 0.036036 0.0464415 0.891181
24 0.922136 0.199035 0.036036 0.0470446 0.900568
0 0.751287 0.126659 0.0328185 0.0349819 0.902366
19 0.23713 0.255428 0.0238095 0.0440289 0.903144
17 0.64704 0.1924 0.0199485 0.0337756 0.903207
24 0.516409 0.199035 0.0366795 0.0482509 0.904173
17 0.909588 0.0600121 0.0212355 0.0343788 0.904223
19 0.470399 0.189083 0.024453 0.0428227 0.90447
22 0.117439 0.0539807 0.0649936 0.0500603 0.904602
20 0.488417 0.25965 0.033462 0.035585 0.905928
24 0.305985 0.0660434 0.0366795 0.048854 0.906576
0 0.285393 0.259952 0.0341055 0.0349819 0.910087
5 0.844916 0.0536791 0.02574 0.0470446 0.912927
2 0.341055 0.25965 0.032175 0.035585 0.914315
20 0.171815 0.25965 0.033462 0.035585 0.914783
19 0.773488 0.255428 0.021879 0.0428227 0.915456
13 0.869369 0.259349 0.033462 0.0349819 0.915535
24 0.56242 0.066345 0.037323 0.0470446 0.9158
24 0.829472 0.132992 0.036036 0.0476478 0.916928
13 0.25 0.0597105 0.0341055 0.0349819 0.918339
4 0.677928 0.193305 0.0366795 0.035585 0.919146
14 0.555019 0.192702 0.0366795 0.035585 0.919236
4 0.276384 0.126659 0.0353925 0.0349819 0.919481
19 0.803411 0.0560917 0.0238095 0.0434258 0.919496
19 0.156371 0.189083 0.023166 0.0428227 0.919617
18 0.209138 0.25965 0.029601 0.0343788 0.920533
14 0.753218 0.193004 0.0366795 0.0349819 0.920891
14 0.344273 0.0600121 0.037323 0.035585 0.92151
10 0.84749 0.187274 0.033462 0.0464415 0.921671
20 0.385135 0.0600121 0.0328185 0.035585 0.9229
17 0.83816 0.259349 0.0199485 0.0337756 0.923073
19 0.516088 0.0557901 0.023166 0.0428227 0.923176
0 0.771879 0.0603136 0.0328185 0.0349819 0.9236
13 0.741956 0.259349 0.033462 0.0349819 0.924642
13 0.528958 0.259349 0.033462 0.0349819 0.924953
22 0.800193 0.1924 0.0534106 0.0349819 0.925636
7 0.478764 0.120627 0.033462 0.0470446 0.92676
7 0.3787 0.253317 0.0328185 0.0470446 0.928405
20 0.595882 0.193004 0.032175 0.0349819 0.929332
4 0.884492 0.193004 0.0341055 0.0349819 0.930323
0 0.125483 0.193305 0.032175 0.035585 0.930894
6 0.443372 0.0651387 0.037323 0.0470446 0.932129
19 0.307272 0.122437 0.0225225 0.0434258 0.932342
13 0.791184 0.126357 0.0328185 0.0343788 0.932927
4 0.484234 0.0600121 0.0353925 0.0343788 0.933139
0 0.265766 0.193305 0.032175 0.0343788 0.933985
4 0.674389 0.0600121 0.034749 0.0343788 0.934037
7 0.170206 0.0539807 0.0328185 0.0464415 0.934397
12 0.662484 0.126357 0.0521236 0.035585 0.934449
0 0.186615 0.193305 0.032175 0.0343788 0.935101
4 0.209781 0.0600121 0.036036 0.0343788 0.935644
4 0.600708 0.0600121 0.0353925 0.0343788 0.936339
4 0.338803 0.192702 0.0353925 0.035585 0.936378
14 0.874839 0.0597105 0.0366795 0.0349819 0.936925
4 0.518661 0.126357 0.036036 0.035585 0.9384
4 0.219112 0.126357 0.0341055 0.035585 0.938774
18 0.302124 0.193305 0.0289575 0.0343788 0.940485
13 0.356178 0.126055 0.0328185 0.0349819 0.940514
14 0.612291 0.126357 0.0366795 0.0343788 0.942331
6 0.396075 0.132388 0.0366795 0.0464415 0.942867
4 0.804698 0.259349 0.0353925 0.0349819 0.94306
