13 0.266146 0.75 0.169792 0.126563 0.102116
21 0.292188 0.901563 0.167708 0.132812 0.105003
21 0.683333 0.106641 0.166667 0.133594 0.105197
11 0.758333 0.417969 0.170833 0.129688 0.107088
21 0.648438 0.692187 0.171875 0.13125 0.108215
0 0.908333 0.150391 0.170833 0.133594 0.108745
13 0.885417 0.175391 0.166667 0.132031 0.110168
21 0.784896 0.646484 0.167708 0.130469 0.110236
21 0.766667 0.316016 0.170833 0.128906 0.110596
4 0.538021 0.372266 0.167708 0.128906 0.111453
22 0.335938 0.117969 0.169792 0.13125 0.112364
21 0.343229 0.105859 0.167708 0.132031 0.112783
5 0.369792 0.21875 0.158333 0.135937 0.113291
22 0.860417 0.845312 0.170833 0.13125 0.113749
14 0.215625 0.857422 0.170833 0.130469 0.114433
13 0.427604 0.795313 0.171875 0.128125 0.114721
22 0.810417 0.812891 0.170833 0.130469 0.11555
17 0.241146 0.569922 0.140625 0.133594 0.116073
16 0.580729 0.577344 0.171875 0.123438 0.116541
11 0.360417 0.571094 0.170833 0.123438 0.117911
14 0.265625 0.819141 0.170833 0.132031 0.118995
10 0.903125 0.642187 0.164583 0.13125 0.119923
25 0.597917 0.635547 0.172917 0.128906 0.120559
19 0.614583 0.258984 0.172917 0.127344 0.121416
13 0.200521 0.0644531 0.171875 0.128906 0.121875
19 0.478125 0.233594 0.172917 0.126563 0.123719
21 0.13125 0.936719 0.170833 0.126563 0.12467
21 0.368229 0.934766 0.171875 0.130469 0.125575
21 0.232812 0.895312 0.171875 0.132812 0.126599
25 0.589063 0.546094 0.173958 0.129688 0.12677
22 0.725521 0.148828 0.171875 0.132031 0.127235
11 0.758333 0.0808594 0.166667 0.132031 0.129689
21 0.511979 0.896094 0.171875 0.13125 0.130582
21 0.385417 0.876172 0.16875 0.132031 0.131046
22 0.877604 0.237891 0.165625 0.130469 0.134221
14 0.615104 0.680078 0.171875 0.128906 0.136539
19 0.909896 0.482031 0.167708 0.128125 0.136677
22 0.879167 0.156641 0.16875 0.133594 0.137194
21 0.767187 0.519922 0.171875 0.127344 0.139082
11 0.908854 0.379687 0.169792 0.128125 0.14043
21 0.1625 0.901953 0.172917 0.130469 0.140927
21 0.658333 0.14375 0.1625 0.132812 0.14189
21 0.138021 0.863672 0.171875 0.130469 0.142593
13 0.902604 0.111719 0.167708 0.132812 0.146791
21 0.706771 0.526563 0.171875 0.126563 0.147593
17 0.284896 0.448438 0.148958 0.13125 0.147641
19 0.843229 0.520703 0.167708 0.128906 0.149002
13 0.111458 0.736328 0.164583 0.130469 0.14935
25 0.548437 0.679297 0.171875 0.132031 0.151133
13 0.0916667 0.869531 0.172917 0.134375 0.152685
13 0.783854 0.188672 0.165625 0.130469 0.154041
17 0.368229 0.347266 0.169792 0.132031 0.154875
13 0.733333 0.220313 0.170833 0.134375 0.157147
21 0.318229 0.837891 0.169792 0.132031 0.159027
0 0.852083 0.138672 0.170833 0.132031 0.159332
14 0.835417 0.44375 0.172917 0.126563 0.160191
11 0.749479 0.9375 0.169792 0.123438 0.161113
21 0.638542 0.258984 0.16875 0.127344 0.163424
17 0.504167 0.233203 0.170833 0.125781 0.164263
4 0.132812 0.831641 0.165625 0.133594 0.164863
21 0.803125 0.863281 0.170833 0.132812 0.164948
21 0.869271 0.882422 0.171875 0.130469 0.165431
19 0.292188 0.569531 0.171875 0.128125 0.167039
21 0.588542 0.1625 0.16875 0.129688 0.167249
13 0.225521 0.774609 0.169792 0.128906 0.167403
5 0.403125 0.290234 0.164583 0.132031 0.167526
21 0.529688 0.825781 0.171875 0.128125 0.168866
17 0.302604 0.372656 0.165625 0.132812 0.171551
0 0.794271 0.251563 0.169792 0.126563 0.177058
13 0.768229 0.81875 0.171875 0.129688 0.177946
17 0.392708 0.0636719 0.175 0.127344 0.178482
25 0.282813 0.768359 0.169792 0.128906 0.178752
13 0.791667 0.436719 0.16875 0.129688 0.179136
14 0.655729 0.583984 0.171875 0.127344 0.180503
21 0.165104 0.807031 0.171875 0.129688 0.180833
14 0.427604 0.812891 0.171875 0.130469 0.180874
21 0.825521 0.775391 0.169792 0.130469 0.18092
21 0.198437 0.933984 0.171875 0.132031 0.181878
21 0.717708 0.466406 0.16875 0.128125 0.184754
11 0.564062 0.361328 0.171875 0.130469 0.187679
22 0.597396 0.814062 0.167708 0.13125 0.187892
13 0.885938 0.86875 0.169792 0.132812 0.191346
21 0.867188 0.667188 0.167708 0.128125 0.192661
13 0.301562 0.0636719 0.176042 0.127344 0.192882
21 0.443229 0.366797 0.169792 0.130469 0.192894
25 0.520312 0.125391 0.171875 0.128906 0.193106
20 0.34375 0.347266 0.16875 0.130469 0.19421
10 0.842708 0.807031 0.16875 0.13125 0.194599
17 0.370313 0.201562 0.163542 0.132812 0.194668
17 0.4625 0.208594 0.170833 0.128125 0.197618
13 0.819271 0.666406 0.169792 0.126563 0.205943
17 0.326042 0.410937 0.166667 0.132812 0.206411
19 0.283333 0.519531 0.170833 0.129688 0.207346
17 0.428125 0.237891 0.16875 0.130469 0.22095
10 0.875 0.773438 0.16875 0.132812 0.221051
21 0.420833 0.125391 0.170833 0.125781 0.221778
5 0.352083 0.264844 0.15625 0.134375 0.222631
21 0.282813 0.0644531 0.173958 0.128906 0.225488
21 0.4875 0.937109 0.170833 0.125781 0.227332
10 0.886458 0.844922 0.16875 0.132031 0.236235
25 0.55625 0.608984 0.166667 0.128906 0.236539
21 0.605729 0.226953 0.173958 0.132031 0.237369
19 0.496354 0.309766 0.173958 0.128906 0.240001
17 0.393229 0.416797 0.167708 0.130469 0.249296
21 0.223958 0.826563 0.172917 0.13125 0.251611
21 0.427083 0.437109 0.16875 0.128906 0.252194
21 0.460938 0.813281 0.171875 0.126563 0.254481
21 0.392708 0.812891 0.170833 0.132031 0.258488
21 0.555729 0.584766 0.169792 0.132031 0.261161
13 0.75 0.462891 0.16875 0.127344 0.262974
25 0.589063 0.717578 0.169792 0.132031 0.264346
5 0.723958 0.0636719 0.164583 0.127344 0.265374
14 0.301562 0.789453 0.171875 0.127344 0.272717
17 0.25 0.51875 0.1625 0.134375 0.272808
17 0.674479 0.0636719 0.173958 0.127344 0.275547
19 0.530208 0.0636719 0.172917 0.127344 0.280521
21 0.716146 0.603906 0.169792 0.126563 0.281157
21 0.623958 0.354688 0.16875 0.129688 0.28678
0 0.758333 0.0640625 0.172917 0.128125 0.292402
21 0.343229 0.795313 0.171875 0.126563 0.295378
13 0.743229 0.782031 0.169792 0.13125 0.319659
21 0.639063 0.596875 0.169792 0.128125 0.32438
21 0.665625 0.0640625 0.175 0.126563 0.325548
17 0.555729 0.0632813 0.176042 0.126563 0.331489
21 0.698438 0.659766 0.169792 0.132031 0.335575
21 0.564583 0.640625 0.170833 0.129688 0.337062
17 0.351562 0.448438 0.167708 0.128125 0.342411
11 0.241667 0.0640625 0.175 0.128125 0.356039
21 0.563542 0.348828 0.172917 0.132031 0.364318
22 0.870833 0.0644531 0.175 0.128906 0.471813
21 0.598437 0.0632813 0.173958 0.125 0.494498
11 0.811458 0.0636719 0.172917 0.125781 0.599789
13 0.369792 0.0636719 0.175 0.127344 0.626502
