628 0.24609375 0.2708333333333333 0.2390625 0.17083333333333334
629 0.63671875 0.2864583333333333 0.4046875 0.18125
630 0.490625 0.59375 0.696875 0.22083333333333333
631 0.29453125 0.415625 0.0390625 0.03125
632 0.38984375 0.42083333333333334 0.1109375 0.03333333333333333
633 0.47578125 0.4239583333333333 0.0265625 0.03125
2 0.60703125 0.428125 0.1796875 0.035416666666666666
635 0.34375 0.7385416666666667 0.109375 0.022916666666666665
636 0.46015625 0.7458333333333333 0.0890625 0.020833333333333332
637 0.54765625 0.7489583333333333 0.0515625 0.01875
638 0.6375 0.7541666666666667 0.1 0.020833333333333332