534 0.509375 0.31083333333333335 0.28 0.11
74 0.75625 0.3 0.155 0.08166666666666667
75 0.4178125 0.4266666666666667 0.274375 0.08333333333333333
65 0.6559375 0.4270833333333333 0.150625 0.0825
538 0.3578125 0.535 0.091875 0.035
539 0.445625 0.53125 0.06375 0.025833333333333333
36 0.5 0.53125 0.02375 0.025833333333333333
3 0.7871875 0.5316666666666666 0.043125 0.025
542 0.8525 0.5320833333333334 0.06625 0.024166666666666666
73 0.8284375 0.43833333333333335 0.134375 0.09666666666666666
121 0.91 0.41375 0.02 0.014166666666666666
545 0.5528125 0.535 0.064375 0.03166666666666667
546 0.63 0.5345833333333333 0.0675 0.030833333333333334
547 0.7146875 0.5345833333333333 0.080625 0.030833333333333334