717 0.19251543209876543 0.625 0.07896090534979423 0.05941358024691358
718 0.3591820987654321 0.6385030864197531 0.21116255144032922 0.08179012345679013
111 0.5402520576131687 0.6421682098765432 0.12422839506172839 0.0798611111111111
718 0.7165637860082305 0.6450617283950617 0.19444444444444445 0.07947530864197531
721 0.15805041152263374 0.796875 0.1087962962962963 0.10686728395061729
722 0.3148148148148148 0.796875 0.1440329218106996 0.10300925925925926
723 0.582690329218107 0.7972608024691358 0.16795267489711935 0.10300925925925926
724 0.8913323045267489 0.7945601851851852 0.17463991769547324 0.10378086419753087
508 0.79809670781893 0.9430941358024691 0.01800411522633745 0.07445987654320987
508 0.47093621399176955 0.9494598765432098 0.01440329218106996 0.0779320987654321
727 0.51440329218107 0.9729938271604939 0.018518518518518517 0.032407407407407406
728 0.5825617283950617 0.9728009259259259 0.05864197530864197 0.04128086419753087
508 0.11458333333333333 0.9565972222222222 0.013117283950617283 0.08140432098765432
730 0.15817901234567902 0.9820601851851852 0.01954732510288066 0.03202160493827161
731 0.8378343621399177 0.9654706790123457 0.014146090534979424 0.02970679012345679