271 0.434375 0.16458333333333333 0.125 0.041666666666666664
272 0.60546875 0.1625 0.1671875 0.04583333333333333
273 0.1765625 0.3302083333333333 0.2 0.04791666666666667
274 0.39765625 0.3260416666666667 0.0859375 0.04791666666666667
275 0.72890625 0.4791666666666667 0.1890625 0.05
276 0.7921875 0.5510416666666667 0.3125 0.052083333333333336
277 0.1625 0.484375 0.196875 0.06041666666666667
278 0.09453125 0.5510416666666667 0.0703125 0.04791666666666667
279 0.2859375 0.5520833333333334 0.253125 0.05
280 0.15625 0.7270833333333333 0.228125 0.05416666666666667
281 0.3140625 0.328125 0.034375 0.04791666666666667
282 0.17109375 0.228125 0.0828125 0.022916666666666665
283 0.265625 0.22708333333333333 0.071875 0.025
284 0.19921875 0.265625 0.1421875 0.027083333333333334
285 0.1484375 0.8302083333333333 0.20625 0.07291666666666667
286 0.13203125 0.6416666666666667 0.1578125 0.07083333333333333
286 0.71875 0.6416666666666667 0.1625 0.07083333333333333