1421 0.4657657657657658 0.816 0.14594594594594595 0.0
1422 0.4873873873873874 0.358 0.25045045045045045 0.0
34 0.5711711711711712 0.216 0.05405405405405406 0.0
0 0.17657657657657658 0.267 0.0936936936936937 0.034
1423 0.3162162162162162 0.236 0.16036036036036036 0.024
1424 0.4702702702702703 0.237 0.12252252252252252 0.038
0 0.6603603603603604 0.253 0.08828828828828829 0.066
378 0.8045045045045045 0.282 0.15315315315315314 0.072
1425 0.5081081081081081 0.567 0.5945945945945946 0.186
1426 0.22432432432432434 0.344 0.16036036036036036 0.068
1427 0.372972972972973 0.291 0.11171171171171171 0.026
1428 0.6216216216216216 0.289 0.15855855855855855 0.022
1429 0.8009009009009009 0.353 0.16396396396396395 0.098
1136 0.481981981981982 0.711 0.29009009009009007 0.094
1430 0.27927927927927926 0.775 0.1837837837837838 0.066
1431 0.6756756756756757 0.786 0.23783783783783785 0.072
