43 0.7283950617283951 0.362962962962963 0.1382716049382716 0.0
1734 0.7129629629629629 0.24212962962962964 0.028395061728395062 0.04351851851851852
677 0.754320987654321 0.21064814814814814 0.04938271604938271 0.013888888888888888
1735 0.821604938271605 0.22175925925925927 0.0654320987654321 0.04351851851851852
43 0.754320987654321 0.31574074074074077 0.05925925925925926 0.02962962962962963
1736 0.8067901234567901 0.30416666666666664 0.03827160493827161 0.03425925925925926
1734 0.7691358024691358 0.4166666666666667 0.2271604938271605 0.053703703703703705
6 0.8234567901234567 0.4449074074074074 0.1259259259259259 0.012037037037037037
6 0.7086419753086419 0.2796296296296296 0.04691358024691358 0.014814814814814815
6 0.8419753086419753 0.2638888888888889 0.04197530864197531 0.014814814814814815
