1920 0.29154078549848944 0.3494809688581315 0.1148036253776435 0.0922722029988466
1954 0.48564954682779454 0.3062283737024221 0.2039274924471299 0.02191464821222607
1955 0.6472809667673716 0.37254901960784315 0.07401812688821752 0.0784313725490196
314 0.4607250755287009 0.47116493656286046 0.1903323262839879 0.02191464821222607
862 0.3066465256797583 0.49077277970011535 0.08157099697885196 0.08881199538638986
35 0.4342900302114804 0.5570934256055363 0.11027190332326284 0.011534025374855825
1411 0.5838368580060423 0.5080738177623991 0.1283987915407855 0.10034602076124567
1956 0.38821752265861026 0.8235294117647058 0.08157099697885196 0.01384083044982699
1957 0.9146525679758308 0.46482122260668973 0.10725075528700906 0.04382929642445214
109 0.8383685800604229 0.5305651672433679 0.06042296072507553 0.006920415224913495
1841 0.7892749244712991 0.580161476355248 0.08006042296072508 0.02306805074971165
6 0.6774924471299094 0.668396770472895 0.13141993957703926 0.08189158016147635
