1678 0.7994555353901996 0.858 0.2849364791288566 0.0
633 0.8003629764065335 0.454 0.29764065335753176 0.0
1679 0.7985480943738656 0.7 0.3121597096188748 0.0
1680 0.8148820326678766 0.608 0.1560798548094374 0.0
482 0.79491833030853 0.278 0.3411978221415608 0.0
6 0.8793103448275862 0.008 0.23049001814882034 0.0
622 0.6814882032667876 0.61 0.06715063520871144 0.0
220 0.9246823956442831 0.606 0.056261343012704176 0.0
1681 0.26860254083484575 0.438 0.29038112522686027 0.004
120 0.279491833030853 0.49 0.0544464609800363 0.036
40 0.2749546279491833 0.548 0.38294010889292196 0.084
633 0.2595281306715064 0.699 0.3411978221415608 0.102
1682 0.27586206896551724 0.767 0.2577132486388385 0.014
