1208 0.01171875 0.3784722222222222 0.01875 0.05416666666666667
745 0.037890625 0.3770833333333333 0.03671875 0.05138888888888889
1209 0.07890625 0.3736111111111111 0.0453125 0.05
924 0.024609375 0.41805555555555557 0.03046875 0.022222222222222223
2 0.079296875 0.41388888888888886 0.05078125 0.019444444444444445
6 0.336328125 0.4986111111111111 0.02421875 0.05555555555555555
29 0.434765625 0.4888888888888889 0.03203125 0.030555555555555555
1192 0.48515625 0.46875 0.0390625 0.001388888888888889
1210 0.566796875 0.44930555555555557 0.08671875 0.02638888888888889
6 0.5203125 0.5104166666666666 0.209375 0.001388888888888889
1211 0.440625 0.5590277777777778 0.05625 0.018055555555555554
593 0.49296875 0.5576388888888889 0.0359375 0.020833333333333332
1212 0.533984375 0.55 0.03984375 0.008333333333333333
1213 0.591796875 0.5236111111111111 0.07109375 0.025
1214 0.87109375 0.3527777777777778 0.0578125 0.03611111111111111
1215 0.96640625 0.3416666666666667 0.0578125 0.025
1216 0.17265625 0.8493055555555555 0.0390625 0.020833333333333332
1217 0.928125 0.30277777777777776 0.0734375 0.06944444444444445
