6 0.8720833333333333 0.440625 0.04416666666666667 0.0
677 0.5083333333333333 0.073125 0.14166666666666666 0.03875
2112 0.6925 0.06875 0.16666666666666666 0.0425
105 0.5266666666666666 0.109375 0.06166666666666667 0.01125
106 0.65 0.101875 0.11833333333333333 0.02375
1019 0.935 0.19125 0.11333333333333333 0.0575
6 0.15166666666666667 0.220625 0.09833333333333333 0.02125
2113 0.25833333333333336 0.2075 0.10833333333333334 0.02
2114 0.17 0.246875 0.041666666666666664 0.00875
398 0.23083333333333333 0.238125 0.05333333333333334 0.00625
2114 0.28583333333333333 0.229375 0.05333333333333334 0.00625
