2031 0.9704347826086956 0.3082271147161066 0.05217391304347826 0.0
2032 0.6243478260869565 0.3290845886442642 0.07304347826086957 0.0
2033 0.09521739130434782 0.07879490150637311 0.08608695652173913 0.004634994206257242
2033 0.4547826086956522 0.060834298957126304 0.08347826086956522 0.0011587485515643105
2033 0.8 0.06257242178447277 0.08695652173913043 0.0
2034 0.19434782608695653 0.2867902665121669 0.04434782608695652 0.12166859791425261
1366 0.2717391304347826 0.21320973348783315 0.07565217391304348 0.006952491309385863
2035 0.3482608695652174 0.28041714947856317 0.05304347826086957 0.1205098493626883
2032 0.25782608695652176 0.3406720741599073 0.06 0.023174971031286212
493 0.3065217391304348 0.33719582850521435 0.02 0.02549246813441483
2033 0.27391304347826084 0.4165701042873696 0.08347826086956522 0.0034762456546929316
2034 0.5552173913043478 0.28563151796060254 0.04434782608695652 0.11239860950173812
1366 0.6373913043478261 0.2190034762456547 0.0782608695652174 0.0
493 0.672608695652174 0.3447276940903824 0.013043478260869565 0.0220162224797219
2035 0.7104347826086956 0.2891077636152955 0.04869565217391304 0.11935110081112399
2034 0.908695652173913 0.2682502896871379 0.04695652173913043 0.11703360370799537
714 0.9739130434782609 0.21031286210892236 0.04695652173913043 0.031286210892236384
2036 0.9730434782608696 0.4101969872537659 0.043478260869565216 0.013904982618771726
2033 0.6378260869565218 0.42526071842410196 0.09130434782608696 0.004634994206257242
2034 0.026956521739130435 0.6274623406720742 0.043478260869565216 0.11471610660486674
1366 0.1082608695652174 0.5596755504055619 0.07739130434782608 0.006952491309385863
2035 0.1826086956521739 0.6332560834298957 0.043478260869565216 0.11935110081112399
2032 0.09 0.6906141367323291 0.06 0.023174971031286212
653 0.1373913043478261 0.6882966396292005 0.017391304347826087 0.02549246813441483
2033 0.10347826086956521 0.7682502896871379 0.08869565217391304 0.0
2034 0.3739130434782609 0.6257242178447276 0.04869565217391304 0.11587485515643106
1366 0.45956521739130435 0.5619930475086906 0.08782608695652173 0.009269988412514484
2035 0.5330434782608696 0.6315179606025493 0.04521739130434783 0.12514484356894554
2032 0.43869565217391304 0.6853997682502897 0.06173913043478261 0.028968713789107765
653 0.48782608695652174 0.6877172653534183 0.019130434782608695 0.026651216685979143
2033 0.4517391304347826 0.7659327925840093 0.09130434782608696 0.0
2034 0.7417391304347826 0.6349942062572422 0.04 0.11355735805330243
1366 0.8243478260869566 0.5608342989571263 0.07652173913043478 0.0
2035 0.9034782608695652 0.6309385863267671 0.04869565217391304 0.12166859791425261
2032 0.8126086956521739 0.6917728852838934 0.06521739130434782 0.023174971031286212
653 0.8595652173913043 0.6917728852838934 0.02 0.023174971031286212
2037 0.20434782608695654 0.9675550405561993 0.04173913043478261 0.05098493626882966
1366 0.2734782608695652 0.9304750869061413 0.0791304347826087 0.004634994206257242
2033 0.8265217391304348 0.7705677867902665 0.08956521739130435 0.004634994206257242
118 0.34652173913043477 0.966396292004635 0.026956521739130435 0.05098493626882966
2037 0.5665217391304348 0.9611819235225956 0.0391304347826087 0.056778679026651215
1366 0.6439130434782608 0.9206257242178447 0.0808695652173913 0.0034762456546929316
2038 0.717391304347826 0.9640787949015064 0.03304347826086956 0.06720741599073002
2037 0.9421739130434783 0.9600231749710313 0.042608695652173914 0.054461181923522596
