73 0.6075471698113207 0.942 0.04025157232704402 0.0
74 0.49937106918238994 0.918 0.06037735849056604 0.0
75 0.5408805031446541 0.946 0.03270440251572327 0.0
76 0.38805031446540883 0.216 0.29056603773584905 0.148
77 0.7012578616352201 0.258 0.25534591194968553 0.12
78 0.5314465408805031 0.659 0.28553459119496855 0.086
0 0.45220125786163523 0.934 0.03647798742138365 0.024
79 0.5742138364779874 0.923 0.07421383647798742 0.014
60 0.41823899371069184 0.969 0.021383647798742137 0.026
0 0.4477987421383648 0.969 0.022641509433962263 0.022
80 0.4911949685534591 0.965 0.06415094339622641 0.026
81 0.5735849056603773 0.958 0.03522012578616352 0.028
