85 0.5007246376811594 0.808 0.09130434782608696 0.0
919 0.28840579710144926 0.738 0.043478260869565216 0.0
147 0.4826086956521739 0.894 0.057971014492753624 0.0
6 0.02753623188405797 0.944 0.043478260869565216 0.0
920 0.38768115942028986 0.509 0.04492753623188406 0.086
921 0.4101449275362319 0.596 0.03768115942028986 0.052
451 0.463768115942029 0.596 0.06376811594202898 0.052
922 0.4927536231884058 0.515 0.04057971014492753 0.094
309 0.5028985507246376 0.889 0.08695652173913043 0.046
6 0.9398550724637681 0.56 0.10579710144927536 0.048
