6 0.07440166493236212 0.225 0.13631633714880334 0.0265625
4938 0.33350676378772115 0.128125 0.0967741935483871 0.0234375
4938 0.6082206035379812 0.12265625 0.08220603537981269 0.021875
4939 0.31217481789802287 0.1640625 0.11654526534859522 0.034375
4939 0.5837669094693028 0.162109375 0.10822060353798127 0.03515625
4938 0.3085327783558793 0.38046875 0.08636836628511967 0.021875
4938 0.5806451612903226 0.376953125 0.08324661810613944 0.01640625
4939 0.3142559833506764 0.4203125 0.15608740894901144 0.0109375
4939 0.5780437044745057 0.414453125 0.14880332986472425 0.01953125
6 0.023413111342351717 0.526953125 0.036420395421436005 0.03984375
608 0.04526534859521332 0.651171875 0.026014568158168574 0.01796875
4940 0.13995837669094693 0.647265625 0.05931321540062435 0.01328125
608 0.48283038501560877 0.6390625 0.029136316337148804 0.01875
4941 0.5759625390218522 0.632421875 0.05931321540062435 0.01640625
4942 0.13423517169614985 0.7 0.09989594172736732 0.00625
4943 0.13527575442247658 0.7390625 0.1186264308012487 0.0
4942 0.3813735691987513 0.674609375 0.08220603537981269 0.00390625
4944 0.3668054110301769 0.7078125 0.10301768990634755 0.0265625
4942 0.5530697190426639 0.67421875 0.08636836628511967 0.00625
663 0.5119667013527576 0.723046875 0.07075962539021852 0.03046875
4325 0.5931321540062435 0.7078125 0.06451612903225806 0.0140625
4942 0.14308012486992716 0.8703125 0.09885535900104059 0.0109375
4943 0.14880332986472425 0.90625 0.1040582726326743 0.0
6 0.26586888657648283 0.85078125 0.061394380853277836 0.0421875
6 0.29552549427679503 0.896484375 0.05619146722164412 0.02890625
6 0.46878251821019773 0.83046875 0.04058272632674298 0.0484375
6 0.481789802289282 0.876953125 0.06659729448491156 0.03828125
4945 0.04162330905306972 0.252734375 0.043704474505723206 0.01953125
