2405 0.373828125 0.4449003516998828 0.21171875 0.11840562719812427
305 0.43203125 0.6060961313012896 0.378125 0.02579132473622509
2406 0.694921875 0.44196951934349354 0.09296875 0.01875732708089097
2407 0.680078125 0.47362250879249707 0.06953125 0.01875732708089097
2406 0.176171875 0.5052754982415005 0.07265625 0.021101992966002344
2407 0.166015625 0.5339976553341149 0.05078125 0.022274325908558032
6 0.162890625 0.6107854630715123 0.04296875 0.009378663540445486
6 0.680078125 0.5498241500586166 0.05546875 0.011723329425556858
2408 0.180859375 0.7444314185228605 0.13671875 0.02813599062133646
2409 0.307421875 0.731535756154748 0.03515625 0.03751465416178194
2405 0.37578125 0.6758499413833529 0.053125 0.010550996483001172
305 0.374609375 0.7268464243845252 0.08203125 0.07268464243845252
2410 0.467578125 0.7180539273153576 0.09765625 0.03634232121922626
2411 0.65234375 0.6957796014067995 0.153125 0.026963657678780773
2412 0.161328125 0.8065650644783119 0.03359375 0.03048065650644783
94 0.153125 0.8012895662368112 0.06875 0.008206330597889801
1181 0.30859375 0.8165298944900352 0.0484375 0.01992966002344666
0 0.346875 0.813599062133646 0.025 0.021101992966002344
2413 0.379296875 0.8147713950762017 0.04140625 0.02813599062133646
2414 0.430859375 0.8089097303634232 0.05703125 0.023446658851113716
331 0.476171875 0.8077373974208675 0.03984375 0.023446658851113716
2415 0.5140625 0.8053927315357562 0.03125 0.01875732708089097
2412 0.7 0.7643610785463072 0.0421875 0.02813599062133646
94 0.690625 0.7631887456037515 0.0828125 0.004689331770222743
