1775 0.591358024691358 0.48703703703703705 0.06419753086419754 0.0
1532 0.5617283950617284 0.4638888888888889 0.0962962962962963 0.0
1776 0.4685185185185185 0.487962962962963 0.08518518518518518 0.0
1164 0.49753086419753084 0.37962962962962965 0.056790123456790124 0.0
226 0.47160493827160493 0.4638888888888889 0.08148148148148149 0.0
118 0.5314814814814814 0.4888888888888889 0.03580246913580247 0.0
1173 0.5592592592592592 0.3814814814814815 0.03950617283950617 0.0
1777 0.4691358024691358 0.4027777777777778 0.08148148148148149 0.0
1778 0.4919753086419753 0.27824074074074073 0.09259259259259259 0.03796296296296296
1704 0.5765432098765432 0.28888888888888886 0.056790123456790124 0.044444444444444446
118 0.5320987654320988 0.4166666666666667 0.03950617283950617 0.022222222222222223
1775 0.5895061728395061 0.41712962962962963 0.0654320987654321 0.021296296296296296
1511 0.4648148148148148 0.5416666666666666 0.07037037037037037 0.022222222222222223
1741 0.5617283950617284 0.5435185185185185 0.10123456790123457 0.02962962962962963
1779 0.48518518518518516 0.45740740740740743 0.05185185185185185 0.014814814814814815
1166 0.5425925925925926 0.4583333333333333 0.04814814814814815 0.016666666666666666
1780 0.5234567901234568 0.5740740740740741 0.0962962962962963 0.003703703703703704
