1630 0.20185185185185187 0.16604938271604938 0.22962962962962963 0.0012345679012345679
1631 0.37222222222222223 0.16358024691358025 0.08148148148148149 0.003703703703703704
0 0.14305555555555555 0.2975308641975309 0.075 0.02962962962962963
1220 0.29768518518518516 0.25493827160493826 0.2175925925925926 0.04814814814814815
1632 0.27685185185185185 0.38395061728395063 0.13703703703703704 0.01728395061728395
1220 0.2175925925925926 0.4703703703703704 0.20185185185185187 0.04197530864197531
1136 0.3731481481481482 0.45123456790123456 0.07962962962962963 0.04814814814814815
580 0.6273148148148148 0.20679012345679013 0.06574074074074074 0.028395061728395062
72 0.6856481481481481 0.20246913580246914 0.03611111111111111 0.014814814814814815
1633 0.6458333333333334 0.2839506172839506 0.11203703703703703 0.04938271604938271
1634 0.6402777777777777 0.345679012345679 0.10277777777777777 0.027160493827160494
1635 0.6050925925925926 0.38271604938271603 0.028703703703703703 0.0024691358024691358
1636 0.6421296296296296 0.3771604938271605 0.03611111111111111 0.006172839506172839
1136 0.674074074074074 0.38271604938271603 0.018518518518518517 0.019753086419753086
1637 0.8898148148148148 0.1882716049382716 0.07592592592592592 0.03827160493827161
1638 0.9569444444444445 0.18395061728395062 0.04351851851851852 0.02962962962962963
1639 0.9078703703703703 0.26728395061728394 0.11018518518518519 0.02345679012345679
1640 0.8833333333333333 0.32098765432098764 0.03333333333333333 0.01728395061728395
1641 0.9217592592592593 0.3160493827160494 0.03611111111111111 0.01728395061728395
1642 0.8935185185185185 0.3376543209876543 0.10185185185185185 0.008641975308641974
29 0.1574074074074074 0.8024691358024691 0.046296296296296294 0.06666666666666667
612 0.2199074074074074 0.7537037037037037 0.058333333333333334 0.003703703703703704
1643 0.3486111111111111 0.725925925925926 0.1935185185185185 0.027160493827160494
217 0.2972222222222222 0.7839506172839507 0.10185185185185185 0.019753086419753086
1644 0.2949074074074074 0.8734567901234568 0.2601851851851852 0.020987654320987655
1645 0.3060185185185185 0.9376543209876543 0.06944444444444445 0.011111111111111112
1036 0.5879629629629629 0.6969135802469136 0.012962962962962963 0.10493827160493827
573 0.5819444444444445 0.7975308641975308 0.01574074074074074 0.044444444444444446
1646 0.6263888888888889 0.6796296296296296 0.01574074074074074 0.08765432098765433
573 0.6231481481481481 0.7759259259259259 0.016666666666666666 0.05308641975308642
1391 0.663425925925926 0.6790123456790124 0.012037037037037037 0.11604938271604938
573 0.6560185185185186 0.7716049382716049 0.013888888888888888 0.03209876543209877
619 0.8333333333333334 0.6141975308641975 0.06111111111111111 0.003703703703703704
20 0.8449074074074074 0.6407407407407407 0.03981481481481482 0.0049382716049382715
1647 0.8833333333333333 0.6506172839506172 0.027777777777777776 0.0049382716049382715
6 0.7662037037037037 0.02962962962962963 0.06574074074074074 0.04938271604938271
