401 0.5154545454545455 0.5743519781718963 0.3 0.0
2446 0.45181818181818184 0.5156889495225102 0.3690909090909091 0.0
2447 0.2918181818181818 0.5784447476125512 0.12181818181818181 0.0
2448 0.33636363636363636 0.24488403819918145 0.22181818181818183 0.0068212824010914054
2449 0.5772727272727273 0.25102319236016374 0.19090909090909092 0.03547066848567531
2450 0.38545454545454544 0.3049113233287858 0.16727272727272727 0.009549795361527967
451 0.35818181818181816 0.35607094133697137 0.14545454545454545 0.0791268758526603
347 0.5727272727272728 0.3117326057298772 0.06181818181818182 0.01227830832196453
6 0.5118181818181818 0.39768076398362895 0.04181818181818182 0.015006821282401092
125 0.5736363636363636 0.34924965893587995 0.08181818181818182 0.0572987721691678
