671 0.952 0.3283018867924528 0.084 0.0
672 0.924 0.35471698113207545 0.068 0.0
105 0.707 0.3471698113207547 0.074 0.0
673 0.206 0.3767295597484277 0.18 0.02389937106918239
105 0.339 0.38616352201257864 0.058 0.045283018867924525
674 0.444 0.3786163522012579 0.1 0.02012578616352201
105 0.299 0.459748427672956 0.146 0.07421383647798742
675 0.312 0.530188679245283 0.376 0.05408805031446541
676 0.923 0.2918238993710692 0.102 0.045283018867924525
677 0.884 0.3421383647798742 0.048 0.022641509433962263
678 0.979 0.3635220125786163 0.034 0.02012578616352201
6 0.845 0.6276729559748427 0.106 0.0729559748427673
