6 0.554 0.5960144927536232 0.276 0.0
0 0.201 0.4583333333333333 0.042 0.09057971014492754
1737 0.379 0.3233695652173913 0.306 0.15760869565217392
1738 0.661 0.286231884057971 0.234 0.07608695652173914
34 0.79 0.3677536231884058 0.0 0.06521739130434782
0 0.862 0.42844202898550726 0.044 0.08152173913043478
1700 0.875 0.5643115942028986 0.014 0.17572463768115942
1739 0.703 0.7137681159420289 0.222 0.13768115942028986
1740 0.508 0.7853260869565217 0.124 0.0018115942028985507
34 0.387 0.7862318840579711 0.042 0.06521739130434782
1672 0.31 0.6983695652173914 0.104 0.08514492753623189
1670 0.246 0.595108695652174 0.036 0.11413043478260869
6 0.553 0.4338768115942029 0.386 0.09601449275362318
1741 0.561 0.5588768115942029 0.25 0.08876811594202899
