816 0.2579933847850055 0.404 0.17420066152149946 0.048
817 0.24696802646085997 0.504 0.04630650496141125 0.056
753 0.30099228224917307 0.504 0.030871003307607496 0.064
818 0.25909592061742004 0.544 0.185226019845645 0.032
819 0.4310915104740904 0.332 0.08379272326350606 0.048
532 0.5115766262403528 0.286 0.07717750826901874 0.076
820 0.6085997794928335 0.23 0.10804851157662625 0.004
821 0.6990077177508269 0.312 0.04630650496141125 0.144
822 0.42668136714443217 0.472 0.06615214994487321 0.08
469 0.5093715545755237 0.464 0.06835722160970231 0.08
823 0.5887541345093715 0.45 0.05512679162072767 0.068
750 0.6769570011025359 0.44 0.09040793825799338 0.064
695 0.538037486218302 0.54 0.037486218302094816 0.04
824 0.5854465270121278 0.526 0.05733186328555678 0.036
533 0.5556780595369349 0.572 0.20066152149944874 0.04
85 0.8081587651598677 0.354 0.08379272326350606 0.052
825 0.8092613009922822 0.434 0.05512679162072767 0.044
826 0.7993384785005513 0.464 0.11466372657111357 0.016
