555 0.3240611961057024 0.56328125 0.0890125173852573 0.0
1164 0.0917941585535466 0.376953125 0.05006954102920723 0.02578125
1173 0.15159944367176634 0.35234375 0.05006954102920723 0.0171875
1174 0.11265646731571627 0.401171875 0.08623087621696801 0.03046875
1175 0.18011126564673158 0.351171875 0.054242002781641166 0.04140625
1176 0.10361613351877608 0.448828125 0.09874826147426982 0.00859375
1177 0.17246175243393602 0.4265625 0.07510431154381085 0.0046875
1178 0.17454798331015298 0.462890625 0.10152990264255911 0.00859375
67 0.3004172461752434 0.33125 0.13630041724617525 0.0359375
68 0.7086230876216968 0.32109375 0.11543810848400557 0.0328125
1179 0.7892906815020863 0.3546875 0.0458970792767733 0.021875
1166 0.8560500695410292 0.362890625 0.037552155771905425 0.03046875
1180 0.8025034770514604 0.3703125 0.08066759388038942 0.021875
1168 0.8331015299026425 0.394140625 0.07510431154381085 0.03203125
1181 0.3956884561891516 0.415234375 0.29346314325452016 0.03828125
1182 0.3741307371349096 0.48203125 0.2114047287899861 0.0421875
811 0.4228094575799722 0.500390625 0.17246175243393602 0.04609375
1183 0.5751043115438108 0.432421875 0.07927677329624479 0.11796875
1184 0.6397774687065368 0.4390625 0.0584144645340751 0.075
79 0.696105702364395 0.441796875 0.06258692628650904 0.11171875
901 0.47913769123783034 0.53125 0.18497913769123783 0.046875
1185 0.6488178025034771 0.515234375 0.12100139082058414 0.04453125
1186 0.5159944367176634 0.600390625 0.3866481223922114 0.06484375
34 0.60778859527121 0.633203125 0.05006954102920723 0.02109375
1187 0.5987482614742698 0.66015625 0.18219749652294853 0.0046875
1188 0.5730180806675939 0.66796875 0.26425591098748263 0.0171875
1189 0.1627260083449235 0.62265625 0.04172461752433936 0.0625
923 0.8428372739916551 0.594140625 0.0890125173852573 0.00859375
1190 0.8198887343532685 0.458984375 0.043115438108484005 0.06484375
1191 0.7962447844228094 0.487890625 0.02086230876216968 0.06328125
