966 0.922 0.10912343470483005 0.112 0.0
1816 0.359 0.6028622540250447 0.146 0.0
1817 0.925 0.19320214669051877 0.122 0.0
1818 0.915 0.33273703041144903 0.042 0.0
1819 0.829 0.5026833631484794 0.074 0.0
1820 0.891 0.5026833631484794 0.054 0.0
1821 0.122 0.1449016100178891 0.188 0.26475849731663686
1822 0.681 0.3935599284436494 0.046 0.1073345259391771
1820 0.727 0.4490161001788909 0.038 0.08586762075134168
1823 0.838 0.3542039355992844 0.112 0.03220035778175313
1824 0.898 0.16457960644007155 0.068 0.028622540250447227
6 0.92 0.2692307692307692 0.092 0.03756708407871199
6 0.929 0.32647584973166366 0.102 0.03756708407871199
6 0.749 0.23255813953488372 0.078 0.2182468694096601
1825 0.236 0.5787119856887298 0.032 0.09838998211091235
6 0.285 0.5152057245080501 0.046 0.0035778175313059034
1446 0.381 0.4883720930232558 0.154 0.014311270125223614
954 0.489 0.5715563506261181 0.03 0.12701252236135957
1826 0.276 0.6940966010733453 0.012 0.05008944543828265
475 0.38 0.6896243291592129 0.148 0.026833631484794274
6 0.288 0.09928443649373882 0.044 0.11985688729874776
6 0.282 0.19141323792486584 0.064 0.08944543828264759
6 0.68 0.061717352415026835 0.036 0.11270125223613596
6 0.85 0.6118067978533095 0.156 0.04293381037567084
6 0.855 0.6565295169946332 0.166 0.03935599284436494
