763 0.8015625 0.3761261261261261 0.04375 0.0
764 0.2125 0.3783783783783784 0.046875 0.0
765 0.2140625 0.4166666666666667 0.05 0.0
766 0.8046875 0.4166666666666667 0.046875 0.0
347 0.54140625 0.30180180180180183 0.0359375 0.0
767 0.3484375 0.33783783783783783 0.053125 0.02702702702702703
768 0.41328125 0.32319819819819817 0.0671875 0.01126126126126126
769 0.48515625 0.30855855855855857 0.0671875 0.0
770 0.5921875 0.32094594594594594 0.04375 0.024774774774774775
436 0.65703125 0.3502252252252252 0.0703125 0.04279279279279279
771 0.37265625 0.38063063063063063 0.0578125 0.02252252252252252
125 0.42890625 0.36599099099099097 0.0609375 0.006756756756756757
34 0.4703125 0.3795045045045045 0.025 0.038288288288288286
772 0.5203125 0.36261261261261263 0.06875 0.0045045045045045045
773 0.584375 0.3716216216216216 0.059375 0.013513513513513514
774 0.6453125 0.393018018018018 0.053125 0.033783783783783786
775 0.284375 0.36711711711711714 0.040625 0.013513513513513514
436 0.28984375 0.38738738738738737 0.0578125 0.009009009009009009
