2561 0.2625 0.35627177700348434 0.04791666666666667 0.2874564459930314
2562 0.3416666666666667 0.1445993031358885 0.08333333333333333 0.09407665505226481
2563 0.4453125 0.07229965156794425 0.08020833333333334 0.01916376306620209
2564 0.5447916666666667 0.10104529616724739 0.09791666666666667 0.05574912891986063
2465 0.6453125 0.2221254355400697 0.06145833333333333 0.14111498257839722
2565 0.6791666666666667 0.3641114982578397 0.010416666666666666 0.08710801393728224
2465 0.4125 0.3144599303135889 0.18333333333333332 0.06445993031358885
2565 0.5619791666666667 0.32926829268292684 0.06979166666666667 0.0975609756097561
2566 0.375 0.544425087108014 0.09166666666666666 0.01916376306620209
1920 0.46041666666666664 0.5470383275261324 0.06041666666666667 0.010452961672473868
2075 0.5604166666666667 0.5113240418118467 0.12916666666666668 0.06445993031358885
1920 0.35 0.573170731707317 0.04791666666666667 0.006968641114982578
2075 0.4203125 0.5792682926829268 0.09479166666666666 0.0017421602787456446
2567 0.5098958333333333 0.5696864111498258 0.078125 0.027874564459930314
2568 0.5963541666666666 0.5296167247386759 0.08229166666666667 0.041811846689895474
2569 0.38125 0.7421602787456446 0.11666666666666667 0.11498257839721254
2570 0.47552083333333334 0.7926829268292683 0.04895833333333333 0.003484320557491289
2571 0.5875 0.6942508710801394 0.125 0.17247386759581881
