309 0.5762962962962963 0.26570289132602193 0.4237037037037037 0.06879361914257229
1864 0.585925925925926 0.41575274177467597 0.29777777777777775 0.01794616151545364
1865 0.5785185185185185 0.5478564307078764 0.3837037037037037 0.07278165503489531
220 0.4414814814814815 0.654037886340977 0.05333333333333334 0.031904287138584245
1866 0.5170370370370371 0.6425722831505484 0.08888888888888889 0.026919242273180457
1867 0.6607407407407407 0.6226321036889332 0.1748148148148148 0.006979062811565304
928 0.5748148148148148 0.6739780658025922 0.07111111111111111 0.011964107676969093
1046 0.47185185185185186 0.7093718843469591 0.11703703703703704 0.0009970089730807576
1868 0.6348148148148148 0.6834496510468594 0.19111111111111112 0.0448654037886341
1869 0.5740740740740741 0.7492522432701895 0.23851851851851852 0.05084745762711865
1870 0.20592592592592593 0.269690927218345 0.12444444444444444 0.06081754735792622
1046 0.17555555555555555 0.3150548354935194 0.04 0.06580259222333001
6 0.19777777777777777 0.37387836490528414 0.04888888888888889 0.053838484546360914
