257 0.5502717391304348 0.0373066424021838 0.04891304347826087 0.0
258 0.06317934782608696 0.22383985441310283 0.036684782608695655 0.0
259 0.035326086956521736 0.2538671519563239 0.04619565217391304 0.0
260 0.09171195652173914 0.25477707006369427 0.058423913043478264 0.0
261 0.5658967391304348 0.14240218380345768 0.6671195652173914 0.011828935395814377
262 0.46059782608695654 0.35168334849863514 0.1766304347826087 0.14467697907188354
263 0.7221467391304348 0.33348498635122836 0.24864130434782608 0.03366696997270246
35 0.06997282608695653 0.2888989990900819 0.050271739130434784 0.01910828025477707
259 0.028532608695652172 0.3148316651501365 0.04076086956521739 0.01637852593266606
264 0.09782608695652174 0.31710646041856233 0.07336956521739131 0.020928116469517744
6 0.08152173913043478 0.43448589626933576 0.12228260869565218 0.09736123748862602
6 0.3451086956521739 0.45586897179253866 0.11684782608695653 0.03821656050955414
6 0.5502717391304348 0.4781619654231119 0.1358695652173913 0.039126478616924476
6 0.7411684782608695 0.45905368516833484 0.11820652173913043 0.0646041856232939
6 0.4116847826086957 0.5759781619654231 0.17119565217391305 0.018198362147406732
6 0.595108695652174 0.5982711555959963 0.10326086956521739 0.05732484076433121
6 0.7683423913043478 0.5636942675159236 0.09918478260869565 0.09372156505914468
6 0.344429347826087 0.6933575978161965 0.15081521739130435 0.009099181073703366
6 0.5495923913043478 0.7124658780709736 0.14266304347826086 0.056414922656960874
6 0.7404891304347826 0.697452229299363 0.12228260869565218 0.044585987261146494
6 0.3485054347826087 0.8248407643312102 0.17527173913043478 0.00818926296633303
6 0.5740489130434783 0.8330300272975433 0.15081521739130435 0.02456778889899909
6 0.7520380434782609 0.8193812556869882 0.12364130434782608 0.06824385805277525
6 0.3539402173913043 0.9294813466787989 0.17527173913043478 0.017288444040036398
6 0.5618206521739131 0.9376706096451319 0.15353260869565216 0.022747952684258416
6 0.7370923913043478 0.9390354868061874 0.14266304347826086 0.034576888080072796
