2591 0.09970238095238096 0.49206349206349204 0.09027777777777778 0.0
2592 0.18998015873015872 0.49206349206349204 0.0744047619047619 0.0
2593 0.2619047619047619 0.4991181657848324 0.05357142857142857 0.0
2594 0.19890873015873015 0.4708994708994709 0.05654761904761905 0.0
6 0.16517857142857142 0.58994708994709 0.24107142857142858 0.02292768959435626
6 0.18353174603174602 0.6278659611992945 0.2003968253968254 0.024691358024691357
2595 0.059027777777777776 0.6516754850088183 0.0248015873015873 0.019400352733686066
2596 0.33382936507936506 0.36684303350970016 0.07043650793650794 0.1728395061728395
2597 0.45982142857142855 0.22663139329805995 0.15178571428571427 0.06172839506172839
28 0.6011904761904762 0.2768959435626102 0.09126984126984126 0.15167548500881833
528 0.37896825396825395 0.42592592592592593 0.06349206349206349 0.04056437389770723
6 0.43253968253968256 0.41181657848324515 0.027777777777777776 0.05114638447971781
2494 0.49950396825396826 0.3932980599647266 0.08234126984126984 0.05291005291005291
6 0.4479166666666667 0.48853615520282184 0.20932539682539683 0.03880070546737213
