303 0.23653846153846153 0.0071090047393364926 0.11461538461538462 0.0
304 0.04923076923076923 0.002369668246445498 0.08461538461538462 0.0
305 0.20923076923076922 0.04976303317535545 0.12153846153846154 0.0
306 0.1326923076923077 0.0035545023696682463 0.06692307692307692 0.0
307 0.1896153846153846 0.13033175355450238 0.06692307692307692 0.0
308 0.10115384615384615 0.12559241706161137 0.06692307692307692 0.0
309 0.039615384615384615 0.05924170616113744 0.06846153846153846 0.0
310 0.027307692307692307 0.11729857819905214 0.054615384615384614 0.0
311 0.19615384615384615 0.2938388625592417 0.17692307692307693 0.026066350710900472
312 0.38884615384615384 0.3631516587677725 0.13923076923076924 0.1646919431279621
313 0.23153846153846153 0.8915876777251185 0.12615384615384614 0.01066350710900474
0 0.3669230769230769 0.2334123222748815 0.05846153846153846 0.07819905213270142
314 0.5053846153846154 0.39040284360189575 0.13692307692307693 0.11492890995260663
315 0.6296153846153846 0.32286729857819907 0.08384615384615385 0.10071090047393365
6 0.6546153846153846 0.11018957345971564 0.09538461538461539 0.06872037914691943
316 0.5461538461538461 0.5456161137440758 0.20923076923076922 0.06042654028436019
317 0.7376923076923076 0.403436018957346 0.1753846153846154 0.041469194312796206
6 0.7492307692307693 0.5053317535545023 0.2923076923076923 0.12440758293838862
