6 0.03670634920634921 0.2839506172839506 0.07142857142857142 0.0
1853 0.7579365079365079 0.5414462081128748 0.041666666666666664 0.0
153 0.8035714285714286 0.5343915343915344 0.0496031746031746 0.0
2492 0.9231150793650794 0.5255731922398589 0.050595238095238096 0.0
2493 0.3482142857142857 0.3544973544973545 0.06349206349206349 0.03527336860670194
325 0.4052579365079365 0.3377425044091711 0.044642857142857144 0.047619047619047616
2494 0.45783730158730157 0.3298059964726631 0.050595238095238096 0.06349206349206349
2495 0.5109126984126984 0.3333333333333333 0.04563492063492063 0.04585537918871252
784 0.5768849206349206 0.3350970017636684 0.06448412698412699 0.04585537918871252
6 0.4712301587301587 0.3985890652557319 0.15873015873015872 0.007054673721340388
6 0.4677579365079365 0.5696649029982364 0.2787698412698413 0.024691358024691357
6 0.46577380952380953 0.6798941798941799 0.2767857142857143 0.008818342151675485
6 0.3993055555555556 0.8236331569664903 0.11805555555555555 0.042328042328042326
6 0.5208333333333334 0.800705467372134 0.037698412698412696 0.05291005291005291
2496 0.810515873015873 0.4894179894179894 0.0496031746031746 0.015873015873015872
1712 0.7862103174603174 0.5229276895943563 0.05257936507936508 0.019400352733686066
2019 0.8353174603174603 0.5220458553791887 0.047619047619047616 0.021164021164021163
784 0.8581349206349206 0.5758377425044092 0.06349206349206349 0.06525573192239859
6 0.8139880952380952 0.6313932980599647 0.1359126984126984 0.014109347442680775
