505 0.5 0.2315270935960591 0.12037037037037036 0.0
505 0.8356481481481481 0.27257799671592775 0.08425925925925926 0.0
506 0.2175925925925926 0.38095238095238093 0.07222222222222222 0.0
507 0.48935185185185187 0.3415435139573071 0.06574074074074074 0.0
507 0.15046296296296297 0.3825944170771757 0.05648148148148148 0.0
35 0.49675925925925923 0.8226600985221675 0.028703703703703703 0.0
508 0.8444444444444444 0.3793103448275862 0.03518518518518519 0.0
509 0.7953703703703704 0.37766830870279144 0.05925925925925926 0.0
506 0.5569444444444445 0.3415435139573071 0.05648148148148148 0.0
510 0.4375 0.33825944170771755 0.030555555555555555 0.0
217 0.5398148148148149 0.38095238095238093 0.03148148148148148 0.0
510 0.13657407407407407 0.05582922824302135 0.0787037037037037 0.026272577996715927
511 0.1814814814814815 0.19293924466338258 0.2037037037037037 0.0180623973727422
505 0.16712962962962963 0.2651888341543514 0.11018518518518519 0.0049261083743842365
510 0.11342592592592593 0.3924466338259442 0.025 0.029556650246305417
217 0.21296296296296297 0.43924466338259444 0.037037037037037035 0.027914614121510674
512 0.2763888888888889 0.4302134646962233 0.08055555555555556 0.022988505747126436
513 0.15046296296296297 0.8333333333333334 0.03981481481481482 0.060755336617405585
35 0.18703703703703703 0.8866995073891626 0.024074074074074074 0.0361247947454844
507 0.2310185185185185 0.8555008210180624 0.05277777777777778 0.022988505747126436
514 0.28379629629629627 0.7988505747126436 0.041666666666666664 0.06403940886699508
515 0.5 0.029556650246305417 0.13333333333333333 0.009852216748768473
510 0.4199074074074074 0.15024630541871922 0.07685185185185185 0.05747126436781609
511 0.5513888888888889 0.14614121510673234 0.16944444444444445 0.06896551724137931
512 0.5893518518518519 0.3916256157635468 0.058333333333333334 0.027914614121510674
516 0.5921296296296297 0.5024630541871922 0.03796296296296296 0.03284072249589491
518 0.4152777777777778 0.7413793103448276 0.023148148148148147 0.054187192118226604
513 0.45740740740740743 0.7931034482758621 0.04814814814814815 0.04597701149425287
507 0.5421296296296296 0.8054187192118226 0.04537037037037037 0.027914614121510674
514 0.5861111111111111 0.7487684729064039 0.02962962962962963 0.06239737274220033
519 0.8495370370370371 0.09195402298850575 0.08981481481481482 0.0361247947454844
510 0.763425925925926 0.19458128078817735 0.10648148148148148 0.05090311986863711
520 0.8583333333333333 0.21674876847290642 0.06296296296296296 0.11494252873563218
521 0.8763888888888889 0.39080459770114945 0.021296296296296296 0.0361247947454844
217 0.8601851851851852 0.43596059113300495 0.018518518518518517 0.027914614121510674
522 0.7416666666666667 0.7676518883415435 0.04259259259259259 0.060755336617405585
513 0.7916666666666666 0.8021346469622331 0.044444444444444446 0.014778325123152709
35 0.8268518518518518 0.8169129720853858 0.025925925925925925 0.011494252873563218
6 0.8472222222222222 0.7766830870279147 0.022222222222222223 0.0361247947454844
523 0.7032407407407407 0.8448275862068966 0.0712962962962963 0.07389162561576355
6 0.37824074074074077 0.7627257799671593 0.030555555555555555 0.06403940886699508
6 0.6421296296296296 0.7824302134646962 0.021296296296296296 0.047619047619047616
6 0.9037037037037037 0.38341543513957305 0.009259259259259259 0.21510673234811165
6 0.9898148148148148 0.41379310344827586 0.016666666666666666 0.16091954022988506
