36 0.5451388888888888 0.4074074074074074 0.018849206349206348 0.0
633 0.49404761904761907 0.7178130511463845 0.025793650793650792 0.0
4767 0.5391865079365079 0.7160493827160493 0.05853174603174603 0.0
4768 0.5868055555555556 0.7160493827160493 0.034722222222222224 0.0
187 0.4826388888888889 0.42063492063492064 0.10218253968253968 0.037037037037037035
1862 0.5843253968253969 0.41798941798941797 0.037698412698412696 0.024691358024691357
4391 0.4652777777777778 0.47971781305114636 0.11507936507936507 0.031746031746031744
631 0.5823412698412699 0.47266313932980597 0.0992063492063492 0.031746031746031744
6 0.5238095238095238 0.5238095238095238 0.12103174603174603 0.03527336860670194
6 0.5302579365079365 0.609347442680776 0.26686507936507936 0.03350970017636684
6 0.5381944444444444 0.7019400352733686 0.1359126984126984 0.01763668430335097
