962 0.32734375 0.3388888888888889 0.1328125 0.0
964 0.68125 0.4097222222222222 0.0671875 0.0
965 0.490625 0.41388888888888886 0.0625 0.0
886 0.5453125 0.41388888888888886 0.040625 0.0
960 0.600390625 0.4111111111111111 0.06328125 0.0
966 0.436328125 0.4166666666666667 0.04140625 0.0
963 0.3046875 0.41597222222222224 0.0640625 0.03194444444444444
378 0.365234375 0.41180555555555554 0.04609375 0.0375
962 0.527734375 0.5194444444444445 0.46328125 0.09722222222222222
6 0.533984375 0.6 0.24296875 0.027777777777777776
967 0.535546875 0.6347222222222222 0.13671875 0.016666666666666666
6 0.235546875 0.7180555555555556 0.05234375 0.03611111111111111
968 0.683203125 0.6034722222222222 0.04921875 0.02361111111111111
969 0.740234375 0.6215277777777778 0.16015625 0.015277777777777777
