162 0.44561688311688313 0.3140625 0.10876623376623376 0.0
2070 0.4650974025974026 0.546875 0.060064935064935064 0.0
2071 0.43993506493506496 0.2890625 0.1590909090909091 0.0
2072 0.4383116883116883 0.2703125 0.06818181818181818 0.0
2073 0.22483766233766234 0.4765625 0.05357142857142857 0.0
142 0.11201298701298701 0.4765625 0.025974025974025976 0.015625
2074 0.14935064935064934 0.47734375 0.048701298701298704 0.0171875
120 0.11444805194805195 0.49296875 0.024350649350649352 0.0171875
2075 0.16396103896103897 0.4875 0.06818181818181818 0.009375
2076 0.3814935064935065 0.07109375 0.05519480519480519 0.0890625
1322 0.48133116883116883 0.153125 0.0762987012987013 0.084375
1476 0.5706168831168831 0.259375 0.07305194805194805 0.103125
821 0.625 0.37890625 0.016233766233766232 0.1046875
2075 0.7086038961038961 0.55390625 0.07954545454545454 0.2515625
377 0.6038961038961039 0.57265625 0.12012987012987013 0.3296875
1764 0.11525974025974026 0.515625 0.02922077922077922 0.01875
2077 0.16152597402597402 0.51484375 0.056818181818181816 0.0171875
2078 0.20535714285714285 0.51640625 0.024350649350649352 0.0203125
2079 0.2353896103896104 0.515625 0.032467532467532464 0.015625
6 0.20373376623376624 0.5640625 0.1185064935064935 0.01875
