1144 0.558 0.4420731707317073 0.076 0.0
6 0.346 0.7378048780487805 0.14 0.0
6 0.38 0.6646341463414634 0.084 0.0
2 0.542 0.4222560975609756 0.068 0.0
1145 0.119 0.13719512195121952 0.198 0.1524390243902439
1146 0.34 0.25609756097560976 0.188 0.15548780487804878
1147 0.152 0.23780487804878048 0.256 0.17378048780487804
1148 0.615 0.2926829268292683 0.122 0.012195121951219513
6 0.068 0.45198170731707316 0.048 0.13567073170731708
0 0.58 0.3330792682926829 0.072 0.01676829268292683
1149 0.623 0.3826219512195122 0.014 0.10670731707317073
314 0.599 0.3978658536585366 0.03 0.10060975609756098
1150 0.732 0.47560975609756095 0.044 0.06402439024390244
1151 0.834 0.5274390243902439 0.124 0.10365853658536585
1152 0.706 0.5022865853658537 0.064 0.0625
1153 0.801 0.5571646341463414 0.054 0.05945121951219512
6 0.884 0.59375 0.092 0.07774390243902439
6 0.749 0.5746951219512195 0.278 0.1798780487804878
6 0.574 0.8147865853658537 0.168 0.1173780487804878
1154 0.757 0.9138719512195121 0.154 0.09908536585365854
1155 0.266 0.948170731707317 0.152 0.036585365853658534
6 0.607 0.9428353658536586 0.158 0.07164634146341463
