112 0.5192061459667093 0.73 0.33162612035851474 0.0
113 0.5140845070422535 0.646 0.13188220230473752 0.0
114 0.6715749039692702 0.948 0.12419974391805377 0.0
115 0.5851472471190781 0.83 0.12291933418693982 0.0
116 0.38092189500640206 0.946 0.04737516005121639 0.0
117 0.4615877080665813 0.948 0.09346991037131883 0.0
118 0.323303457106274 0.94 0.04737516005121639 0.0
119 0.4193341869398207 0.834 0.06274007682458387 0.0
120 0.558898847631242 0.944 0.07298335467349552 0.0
121 0.4884763124199744 0.834 0.05505761843790013 0.0
122 0.353393085787452 0.571 0.08962868117797695 0.082
123 0.5563380281690141 0.546 0.2880921895006402 0.056
