246 0.395 0.297029702970297 0.074 0.0
6 0.216 0.8831683168316832 0.072 0.0
483 0.215 0.8554455445544554 0.066 0.0
451 0.435 0.2485148514851485 0.214 0.053465346534653464
309 0.626 0.26831683168316833 0.1 0.06930693069306931
484 0.544 0.33762376237623765 0.188 0.06930693069306931
485 0.513 0.3900990099009901 0.122 0.031683168316831684
486 0.357 0.3584158415841584 0.026 0.027722772277227723
487 0.374 0.402970297029703 0.004 0.04554455445544554
488 0.418 0.402970297029703 0.04 0.02178217821782178
489 0.462 0.41188118811881186 0.044 0.011881188118811881
490 0.531 0.41485148514851483 0.074 0.005940594059405941
491 0.594 0.42277227722772276 0.036 0.02178217821782178
492 0.623 0.38514851485148516 0.038 0.0297029702970297
493 0.663 0.3712871287128713 0.038 0.0019801980198019802
