2048 0.601171875 0.3293978748524203 0.12109375 0.0
6 0.5671875 0.680047225501771 0.0265625 0.0
2049 0.53359375 0.6765053128689492 0.04375 0.0
2050 0.559375 0.7107438016528925 0.0484375 0.0
0 0.63125 0.2680047225501771 0.046875 0.02833530106257379
2051 0.71171875 0.2668240850059032 0.1 0.04250295159386069
2052 0.658984375 0.45218417945690675 0.08515625 0.03778040141676505
2053 0.730078125 0.4551357733175915 0.04140625 0.02243211334120425
2054 0.74921875 0.34710743801652894 0.1546875 0.025974025974025976
2055 0.522265625 0.7402597402597403 0.03828125 0.014167650531286895
6 0.5359375 0.80814639905549 0.065625 0.11216056670602124
6 0.71875 0.8471074380165289 0.021875 0.03423848878394333
