1218 0.6564673157162726 0.046875 0.16689847009735745 0.0
6 0.5994436717663422 0.6328125 0.08344923504867872 0.0
394 0.4561891515994437 0.046875 0.1502086230876217 0.0
6 0.3657858136300417 0.02109375 0.15299026425591097 0.0
1219 0.5570236439499304 0.09296875 0.10987482614742698 0.0203125
1220 0.5104311543810849 0.46875 0.16968011126564672 0.01875
1221 0.6557719054242003 0.487890625 0.08205841446453407 0.04140625
1222 0.47983310152990266 0.55390625 0.1168289290681502 0.05
449 0.5973574408901252 0.569140625 0.09040333796940195 0.01640625
6 0.47357440890125174 0.6421875 0.14325452016689846 0.0296875
6 0.4714881780250348 0.6609375 0.10848400556328233 0.01875
