679 0.588671875 0.8885416666666667 0.12265625 0.0
680 0.594921875 0.8229166666666666 0.10859375 0.0
681 0.59375 0.7447916666666666 0.134375 0.0
682 0.21796875 0.41302083333333334 0.0484375 0.10729166666666666
0 0.269140625 0.33177083333333335 0.04453125 0.023958333333333335
683 0.34921875 0.30520833333333336 0.1015625 0.0020833333333333333
378 0.4515625 0.32864583333333336 0.075 0.05520833333333333
577 0.495703125 0.39166666666666666 0.00859375 0.0625
684 0.530859375 0.4671875 0.00390625 0.109375
683 0.428125 0.7307291666666667 0.159375 0.115625
6 0.42734375 0.7692708333333333 0.1078125 0.057291666666666664
