30 0.3376413570274637 0.958 0.08723747980613894 0.0
22 0.5468497576736672 0.902 0.06946688206785137 0.0
31 0.49676898222940225 0.958 0.18578352180936994 0.0
32 0.4281098546042003 0.9 0.1421647819063005 0.0
33 0.407108239095315 0.846 0.09046849757673667 0.0
34 0.6138933764135702 0.954 0.0420032310177706 0.0
35 0.5460420032310178 0.848 0.06785137318255251 0.0
36 0.48222940226171246 0.846 0.030694668820678513 0.0
6 0.40226171243941844 0.686 0.03877221324717286 0.0
37 0.4798061389337641 0.561 0.32310177705977383 0.01
38 0.4886914378029079 0.652 0.3893376413570275 0.008
39 0.5137318255250404 0.721 0.13247172859450726 0.066
