6 0.98388671875 0.9427083333333334 0.0263671875 0.0
6 0.98388671875 0.91015625 0.0283203125 0.0
1067 0.46728515625 0.020833333333333332 0.6982421875 0.018229166666666668
1068 0.29443359375 0.275390625 0.0400390625 0.14713541666666666
451 0.4873046875 0.13997395833333334 0.24609375 0.03515625
6 0.34130859375 0.181640625 0.0478515625 0.00390625
182 0.46142578125 0.5338541666666666 0.5712890625 0.2578125
1069 0.43115234375 0.658203125 0.0712890625 0.045572916666666664
6 0.48046875 0.6920572916666666 0.01953125 0.029947916666666668
1070 0.5078125 0.6640625 0.04296875 0.03125
1071 0.36865234375 0.6907552083333334 0.0966796875 0.10286458333333333
1072 0.451171875 0.7467447916666666 0.0546875 0.00390625
1073 0.548828125 0.6985677083333334 0.115234375 0.10286458333333333
1074 0.5146484375 0.8138020833333334 0.607421875 0.1171875
