883 0.26328125 0.5319444444444444 0.028125 0.025
884 0.31015625 0.525 0.046875 0.03333333333333333
885 0.2875 0.49166666666666664 0.1421875 0.03888888888888889
885 0.5078125 0.38055555555555554 0.2515625 0.06111111111111111
883 0.74296875 0.35833333333333334 0.184375 0.07777777777777778
6 0.88046875 0.34444444444444444 0.065625 0.1
886 0.61484375 0.25555555555555554 0.134375 0.03888888888888889
887 0.7765625 0.225 0.1671875 0.03888888888888889
888 0.934375 0.2125 0.1296875 0.05277777777777778
220 0.38671875 0.49444444444444446 0.021875 0.03888888888888889
889 0.43671875 0.4861111111111111 0.05625 0.03333333333333333
890 0.509375 0.48055555555555557 0.0734375 0.027777777777777776
891 0.56953125 0.475 0.034375 0.03333333333333333
892 0.63671875 0.46111111111111114 0.084375 0.03333333333333333
893 0.71640625 0.4597222222222222 0.0625 0.030555555555555555
894 0.4171875 0.5541666666666667 0.0734375 0.025
895 0.5234375 0.5416666666666666 0.1140625 0.027777777777777776
896 0.6515625 0.5291666666666667 0.0640625 0.025
897 0.7078125 0.5263888888888889 0.0484375 0.030555555555555555
885 0.77109375 0.5166666666666667 0.059375 0.022222222222222223
883 0.821875 0.5152777777777777 0.0453125 0.025
884 0.8890625 0.5069444444444444 0.0515625 0.030555555555555555
898 0.95625 0.3416666666666667 0.0734375 0.08333333333333333
650 0.93828125 0.5 0.040625 0.03333333333333333
651 0.97734375 0.4986111111111111 0.04375 0.03611111111111111
