1742 0.499 0.623641304347826 0.134 0.0
309 0.436 0.5271739130434783 0.088 0.0
1743 0.656 0.5244565217391305 0.068 0.0
35 0.589 0.5244565217391305 0.054 0.0
1744 0.523 0.5258152173913043 0.07 0.0
1745 0.897 0.5842391304347826 0.09 0.0
752 0.712 0.5230978260869565 0.036 0.0
6 0.469 0.2703804347826087 0.058 0.0
1746 0.368 0.33152173913043476 0.088 0.07880434782608696
0 0.572 0.26902173913043476 0.152 0.002717391304347826
1744 0.738 0.33152173913043476 0.148 0.10597826086956522
220 0.819 0.6046195652173914 0.038 0.035326086956521736
