37 0.5148148148148148 0.6765432098765433 0.07777777777777778 0.0
62 0.4462962962962963 0.5382716049382716 0.024074074074074074 0.0
61 0.47685185185185186 0.5382716049382716 0.03518518518518519 0.0
63 0.38981481481481484 0.5 0.07592592592592592 0.07654320987654321
64 0.4708333333333333 0.4648148148148148 0.06944444444444445 0.008641975308641974
65 0.5430555555555555 0.5012345679012346 0.05648148148148148 0.056790123456790124
69 0.47638888888888886 0.5938271604938271 0.3175925925925926 0.024691358024691357
66 0.4324074074074074 0.7549382716049383 0.07777777777777778 0.03827160493827161
67 0.5013888888888889 0.7641975308641975 0.04537037037037037 0.019753086419753086
68 0.5523148148148148 0.7222222222222222 0.03796296296296296 0.05185185185185185
