155 0.6175925925925926 0.4506578947368421 0.12037037037037036 0.0
156 0.3837962962962963 0.4506578947368421 0.08425925925925926 0.0
109 0.4726851851851852 0.45230263157894735 0.06759259259259259 0.0
157 0.7611111111111111 0.4868421052631579 0.05740740740740741 0.0
158 0.7615740740740741 0.46381578947368424 0.06759259259259259 0.0
158 0.26481481481481484 0.46710526315789475 0.06111111111111111 0.0
157 0.2625 0.48848684210526316 0.05462962962962963 0.0
6 0.5337962962962963 0.45230263157894735 0.032407407407407406 0.0
159 0.5185185185185185 0.36430921052631576 0.26666666666666666 0.011513157894736841
160 0.39305555555555555 0.5822368421052632 0.04351851851851852 0.039473684210526314
161 0.4759259259259259 0.5805921052631579 0.09814814814814815 0.03618421052631579
162 0.5916666666666667 0.5797697368421053 0.11481481481481481 0.03125
125 0.38472222222222224 0.6324013157894737 0.11388888888888889 0.04111842105263158
163 0.4875 0.6332236842105263 0.0787037037037037 0.04276315789473684
164 0.6101851851851852 0.6324013157894737 0.14444444444444443 0.044407894736842105
6 0.5236111111111111 0.8149671052631579 0.1712962962962963 0.03782894736842105
6 0.962037037037037 0.8075657894736842 0.07222222222222222 0.08881578947368421
6 0.8282407407407407 0.9342105263157895 0.10092592592592593 0.0625
