1694 0.758 0.5152603231597845 0.148 0.0
1382 0.083 0.547576301615799 0.078 0.0
1695 0.126 0.5242369838420108 0.156 0.0
1696 0.16 0.547576301615799 0.064 0.0
6 0.022 0.5879712746858169 0.036 0.23518850987432674
6 0.067 0.4730700179533214 0.05 0.026929982046678635
1697 0.255 0.4730700179533214 0.066 0.026929982046678635
1453 0.315 0.473967684021544 0.042 0.02154398563734291
6 0.274 0.5116696588868941 0.048 0.02872531418312388
1698 0.662 0.3339317773788151 0.156 0.04308797127468582
1699 0.828 0.3267504488330341 0.156 0.04308797127468582
1698 0.662 0.41651705565529623 0.144 0.03949730700179533
1700 0.859 0.40843806104129265 0.234 0.04129263913824058
142 0.237 0.5448833034111311 0.002 0.03052064631956912
1701 0.274 0.547576301615799 0.048 0.0
1702 0.324 0.5430879712746858 0.036 0.005385996409335727
6 0.123 0.7082585278276481 0.074 0.008976660682226212
6 0.132 0.7684021543985637 0.08 0.02154398563734291
6 0.143 0.800718132854578 0.074 0.025134649910233394
1703 0.227 0.5843806104129264 0.026 0.019748653500897665
1704 0.269 0.5834829443447038 0.046 0.01436265709156194
1647 0.315 0.5825852782764811 0.042 0.019748653500897665
6 0.298 0.6696588868940754 0.088 0.0718132854578097
6 0.775 0.6606822262118492 0.122 0.01436265709156194
