1153 0.38055555555555554 0.2839506172839506 0.11666666666666667 0.0
6 0.8314814814814815 0.27283950617283953 0.07592592592592592 0.0
1494 0.1648148148148148 0.3493827160493827 0.06111111111111111 0.0
6 0.06111111111111111 0.07037037037037037 0.06851851851851852 0.0
2116 0.5925925925925926 0.37469135802469133 0.06296296296296296 0.025925925925925925
2117 0.5916666666666667 0.4222222222222222 0.10555555555555556 0.01728395061728395
2118 0.6564814814814814 0.6339506172839506 0.09444444444444444 0.025925925925925925
2119 0.6759259259259259 0.6820987654320988 0.10555555555555556 0.016049382716049384
2120 0.7319444444444444 0.3172839506172839 0.10092592592592593 0.027160493827160494
6 0.24861111111111112 0.13580246913580246 0.12685185185185185 0.06419753086419754
1754 0.9685185185185186 0.6265432098765432 0.06111111111111111 0.016049382716049384
2121 0.9564814814814815 0.695679012345679 0.08333333333333333 0.016049382716049384
6 0.49398148148148147 0.10679012345679012 0.05277777777777778 0.07777777777777778
6 0.7560185185185185 0.15185185185185185 0.030555555555555555 0.05185185185185185
