467 0.176 0.41779497098646035 0.096 0.0735009671179884
621 0.264 0.38781431334622823 0.056 0.013539651837524178
467 0.234 0.47678916827852996 0.212 0.04061895551257253
104 0.223 0.5473887814313346 0.09 0.0038684719535783366
481 0.295 0.5145067698259188 0.042 0.061895551257253385
467 0.67 0.46131528046421666 0.124 0.03288201160541586
621 0.779 0.4748549323017408 0.058 0.04448742746615087
467 0.708 0.5541586073500967 0.232 0.05609284332688588
104 0.659 0.620889748549323 0.086 0.05415860735009671
481 0.753 0.6247582205029013 0.074 0.04642166344294004
