359 0.0494716618635927 0.254 0.052833813640730067 0.0
1558 0.8904899135446686 0.344 0.053794428434197884 0.0
670 0.35926993275696445 0.306 0.059558117195004805 0.0
1559 0.590778097982709 0.364 0.04803073967339097 0.0
1560 0.30307396733909703 0.302 0.043227665706051875 0.0
6 0.6402497598463016 0.202 0.020172910662824207 0.0
1561 0.6296829971181557 0.364 0.025936599423631124 0.0
6 0.2526416906820365 0.206 0.2516810758885687 0.06
1562 0.18491834774255522 0.322 0.18924111431316043 0.1
1563 0.15561959654178675 0.428 0.08261287223823247 0.024
3 0.22094140249759847 0.421 0.04418828049951969 0.026
1564 0.26512968299711814 0.42 0.04226705091258405 0.028
58 0.1484149855907781 0.746 0.022094140249759846 0.04
220 0.28914505283381364 0.666 0.01921229586935639 0.032
1565 0.4586935638808838 0.383 0.04899135446685879 0.006
1566 0.48366954851104704 0.334 0.022094140249759846 0.02
1558 0.5278578290105668 0.247 0.08741594620557157 0.066
1068 0.600864553314121 0.21 0.04514889529298751 0.004
451 0.7252641690682037 0.297 0.1344860710854947 0.166
1567 0.5725264169068204 0.546 0.08261287223823247 0.052
1565 0.8381364073006724 0.397 0.029779058597502402 0.086
1566 0.8602305475504323 0.394 0.01633045148895293 0.056
1068 0.9327569644572526 0.382 0.026897214217098942 0.06
6 0.951969260326609 0.382 0.01536983669548511 0.06
1568 0.9769452449567724 0.376 0.03650336215177714 0.052
1257 0.899135446685879 0.473 0.03266090297790586 0.05
748 0.9365994236311239 0.467 0.04226705091258405 0.05
1563 0.8626320845341018 0.574 0.059558117195004805 0.04
3 0.9106628242074928 0.559 0.03842459173871278 0.058
1569 0.9447646493756003 0.543 0.03170028818443804 0.046
1570 0.9702209414024976 0.539 0.026897214217098942 0.046
