1838 0.38125 0.24858356940509915 0.24375 0.16855524079320114
750 0.65625 0.1954674220963173 0.265625 0.0708215297450425
347 0.8125 0.29461756373937675 0.003125 0.09348441926345609
309 0.5375 0.3859773371104816 0.5125 0.026912181303116147
1839 0.7015625 0.46671388101983 0.153125 0.03541076487252125
627 0.65859375 0.5368271954674221 0.1046875 0.0
1840 0.76484375 0.48441926345609065 0.1234375 0.0169971671388102
1841 0.46328125 0.6225212464589235 0.2515625 0.029745042492917848
1676 0.68984375 0.6189801699716714 0.1671875 0.0339943342776204
1842 0.5859375 0.6827195467422096 0.26875 0.014164305949008499
