776 0.80703125 0.478125 0.1140625 0.0
777 0.449609375 0.4510416666666667 0.06953125 0.0
778 0.18828125 0.46458333333333335 0.065625 0.0
460 0.621484375 0.45 0.07578125 0.0
779 0.534375 0.44895833333333335 0.0640625 0.0
780 0.241796875 0.465625 0.03515625 0.0
781 0.09921875 0.4666666666666667 0.028125 0.0
751 0.1375 0.46875 0.0296875 0.0
6 0.219140625 0.33541666666666664 0.05390625 0.0
6 0.483984375 0.7583333333333333 0.06328125 0.0
6 0.70546875 0.5552083333333333 0.05625 0.0
782 0.3703125 0.44375 0.0578125 0.0
783 0.289453125 0.18177083333333333 0.06953125 0.04479166666666667
784 0.39296875 0.13541666666666666 0.1171875 0.03125
785 0.501953125 0.11770833333333333 0.08671875 0.004166666666666667
451 0.651171875 0.1796875 0.18515625 0.103125
478 0.401953125 0.22916666666666666 0.24296875 0.06875
487 0.640625 0.2755208333333333 0.1171875 0.16145833333333334
6 0.44140625 0.3614583333333333 0.1921875 0.07708333333333334
6 0.765234375 0.38958333333333334 0.05234375 0.07291666666666667
786 0.486328125 0.6286458333333333 0.07578125 0.036458333333333336
6 0.099609375 0.7177083333333333 0.03359375 0.035416666666666666
478 0.1453125 0.7166666666666667 0.053125 0.0375
487 0.201171875 0.7234375 0.03046875 0.040625
6 0.241796875 0.7234375 0.02578125 0.034375
