2150 0.5891553701772679 0.8953125 0.2523461939520334 0.0
2428 0.5651720542231491 0.5734375 0.21480709071949947 0.0
1966 0.3795620437956204 0.89765625 0.13138686131386862 0.0
2429 0.5834202294056309 0.36015625 0.29718456725756 0.0
2430 0.39520333680917624 0.51796875 0.18769551616266944 0.0
2431 0.37069864442127215 0.4640625 0.15954118873826903 0.0
1969 0.35192909280500523 0.3640625 0.15119916579770595 0.0
2432 0.6011470281543274 0.5234375 0.20750782064650677 0.0
1969 0.39572471324296143 0.57421875 0.10740354535974973 0.0
2433 0.6407716371220021 0.68359375 0.1553701772679875 0.0
33 0.5797705943691345 0.10859375 0.09384775808133472 0.0
1974 0.6152241918665277 0.64609375 0.12095933263816476 0.0
1073 0.4608967674661105 0.6859375 0.16266944734098018 0.0
1071 0.6663190823774765 0.21640625 0.145985401459854 0.0
375 0.6876955161626694 0.10625 0.0886339937434828 0.0
1072 0.6084462982273201 0.27265625 0.08446298227320125 0.0
2434 0.6830031282586028 0.4609375 0.09801876955161627 0.0
2434 0.6308654848800834 0.7203125 0.06882168925964546 0.0
2435 0.5078206465067779 0.4703125 0.07924921793534932 0.0
0 0.5495307612095933 0.21171875 0.06882168925964546 0.0
0 0.5933263816475496 0.4640625 0.0667361835245047 0.0
1315 0.6235662148070907 0.1484375 0.08967674661105318 0.0
1754 0.8748696558915537 0.39453125 0.04171011470281543 0.0
36 0.5542231491136601 0.18203125 0.04692387904066736 0.0484375
118 0.7038581856100105 0.184765625 0.043795620437956206 0.04609375
34 0.67570385818561 0.30078125 0.043795620437956206 0.059375
627 0.4874869655891554 0.5109375 0.06360792492179354 0.021875
0 0.5370177267987487 0.512109375 0.045881126173096975 0.01953125
118 0.5109489051094891 0.56484375 0.03962460896767466 0.0140625
220 0.36339937434827946 0.66171875 0.03232533889468196 0.0296875
407 0.40823774765380605 0.662890625 0.040667361835245046 0.03203125
1980 0.4916579770594369 0.661328125 0.11366006256517205 0.03046875
2435 0.33993743482794575 0.69921875 0.072992700729927 0.034375
35 0.38686131386861317 0.737109375 0.054223149113660066 0.03203125
1973 0.5088633993743483 0.7375 0.1710114702815433 0.040625
1967 0.3300312825860271 0.806640625 0.16996871741397288 0.05234375
34 0.456725755995829 0.799609375 0.056308654848800835 0.03828125
1073 0.6360792492179353 0.796484375 0.2732012513034411 0.07578125
123 0.872784150156413 0.476953125 0.022940563086548488 0.12421875
