407 0.497265625 0.2587616822429907 0.18046875 0.16004672897196262
336 0.492578125 0.272196261682243 0.09609375 0.002336448598130841
1194 0.258203125 0.530373831775701 0.21171875 0.0514018691588785
1195 0.608203125 0.5286214953271028 0.41953125 0.08761682242990654
1196 0.49140625 0.6460280373831776 0.1828125 0.016355140186915886
1197 0.4859375 0.7073598130841121 0.159375 0.0455607476635514
1198 0.487890625 0.7470794392523364 0.07890625 0.03387850467289719
0 0.418359375 0.3767523364485981 0.00390625 0.03387850467289719
1199 0.45234375 0.3814252336448598 0.0453125 0.02453271028037383
34 0.48125 0.4094626168224299 0.0140625 0.02453271028037383
609 0.508203125 0.3907710280373832 0.03515625 0.005841121495327103
1200 0.550390625 0.37149532710280375 0.03046875 0.028037383177570093
