6 0.9568845618915159 0.8328125 0.08066759388038942 0.0
120 0.6411682892906815 0.29296875 0.09735744089012517 0.009375
1004 0.7510431154381085 0.286328125 0.08623087621696801 0.00078125
1201 0.8678720445062587 0.288671875 0.10292072322670376 0.00546875
1202 0.3219749652294854 0.4203125 0.33240611961057026 0.2296875
1203 0.3518776077885953 0.54921875 0.019471488178025034 0.3203125
1204 0.7531293463143255 0.593359375 0.4937413073713491 0.10703125
1205 0.519471488178025 0.76875 0.2211404728789986 0.0359375
1201 0.7044506258692629 0.81171875 0.13212795549374132 0.025
1004 0.8574408901251739 0.83515625 0.14325452016689846 0.0109375
0 0.8595271210013908 0.629296875 0.1168289290681502 0.01640625
1206 0.9478442280945758 0.5953125 0.09874826147426982 0.0140625
1207 0.27468706536856746 0.049609375 0.02642559109874826 0.07578125
1203 0.5632823365785814 0.08359375 0.38386648122392214 0.0078125
1205 0.847009735744089 0.082421875 0.08066759388038942 0.02890625
6 0.6488178025034771 0.047265625 0.16550764951321278 0.08046875
6 0.6682892906815021 0.025390625 0.08205841446453407 0.04609375
6 0.8692628650904033 0.01953125 0.09735744089012517 0.0265625
