101 0.4913669064748201 0.374 0.18273381294964028 0.0
102 0.4985611510791367 0.43 0.13093525179856116 0.0
103 0.34388489208633094 0.954 0.04028776978417266 0.0
104 0.4309352517985611 0.515 0.10503597122302158 0.038
105 0.5136690647482014 0.546 0.04028776978417266 0.024
106 0.5712230215827339 0.511 0.07194244604316546 0.046
6 0.3402877697841727 0.988 0.041726618705035974 0.02
6 0.40071942446043163 0.977 0.03597122302158273 0.046
107 0.9482014388489208 0.745 0.08345323741007195 0.25
6 0.9776978417266187 0.463 0.033093525179856115 0.23
6 0.9640287769784173 0.106 0.05467625899280575 0.176
