944 0.43310463121783876 0.912 0.1457975986277873 0.0
896 0.08919382504288165 0.83 0.0686106346483705 0.0
945 0.3027444253859348 0.918 0.05660377358490566 0.0
519 0.39879931389365353 0.342 0.07375643224699828 0.0
946 0.6380789022298456 0.152 0.14751286449399656 0.0
947 0.09176672384219554 0.238 0.1835334476843911 0.0
923 0.25728987993138935 0.344 0.058319039451114926 0.0
215 0.32675814751286447 0.344 0.0634648370497427 0.0
948 0.6363636363636364 0.108 0.1783876500857633 0.0
923 0.2830188679245283 0.244 0.1955403087478559 0.0
949 0.3507718696397942 0.838 0.11492281303602059 0.0
950 0.2564322469982847 0.836 0.0634648370497427 0.0
650 0.43567753001715265 0.834 0.0411663807890223 0.0
220 0.9228130360205832 0.746 0.030874785591766724 0.0
897 0.14922813036020582 0.836 0.03773584905660377 0.0
0 0.1955403087478559 0.836 0.03773584905660377 0.0
651 0.4862778730703259 0.834 0.04631217838765009 0.0
226 0.3053173241852487 0.894 0.06174957118353345 0.0
6 0.12006861063464837 0.804 0.13036020583190394 0.0
951 0.6552315608919382 0.403 0.09262435677530018 0.098
952 0.8207547169811321 0.411 0.19382504288164665 0.122
953 0.6500857632933105 0.574 0.030874785591766724 0.096
954 0.7066895368782161 0.647 0.07890222984562607 0.03
955 0.8027444253859348 0.641 0.06518010291595197 0.038
207 0.8636363636363636 0.573 0.036020583190394515 0.074
955 0.6843910806174958 0.75 0.11663807890222985 0.012
207 0.8301886792452831 0.746 0.14065180102915953 0.008
220 0.758147512864494 0.541 0.14065180102915953 0.174
956 0.17409948542024015 0.739 0.3379073756432247 0.142
29 0.2032590051457976 0.368 0.05317324185248713 0.036
