72 0.4506578947368421 0.4462962962962963 0.19078947368421054 0.0
1899 0.4597039473684211 0.35138888888888886 0.06414473684210527 0.04722222222222222
1900 0.4564144736842105 0.4027777777777778 0.21546052631578946 0.027777777777777776
265 0.20394736842105263 0.4810185185185185 0.2565789473684211 0.000925925925925926
494 0.631578947368421 0.4981481481481482 0.1513157894736842 0.005555555555555556
1130 0.3248355263157895 0.6083333333333333 0.06414473684210527 0.011111111111111112
215 0.39555921052631576 0.5972222222222222 0.08388157894736842 0.005555555555555556
1901 0.4934210526315789 0.5930555555555556 0.09539473684210527 0.002777777777777778
1453 0.5731907894736842 0.600462962962963 0.06414473684210527 0.010185185185185186
1900 0.4317434210526316 0.8560185185185185 0.12664473684210525 0.000925925925925926
6 0.8116776315789473 0.5291666666666667 0.1069078947368421 0.05277777777777778
