149 0.46805555555555556 0.4342105263157895 0.16574074074074074 0.0
150 0.6796296296296296 0.4276315789473684 0.09074074074074075 0.0
151 0.5916666666666667 0.4407894736842105 0.06111111111111111 0.0
152 0.38842592592592595 0.3305921052631579 0.6731481481481482 0.17763157894736842
152 0.8018518518518518 0.2524671052631579 0.09814814814814815 0.0805921052631579
153 0.7787037037037037 0.38980263157894735 0.02962962962962963 0.09210526315789473
36 0.8101851851851852 0.46381578947368424 0.020370370370370372 0.046052631578947366
154 0.8759259259259259 0.4037828947368421 0.07222222222222222 0.12006578947368421
152 0.7407407407407407 0.8889802631578947 0.1537037037037037 0.027960526315789474
6 0.7421296296296296 0.9235197368421053 0.14722222222222223 0.001644736842105263
