1668 0.603 0.8850574712643678 0.122 0.0
1341 0.372 0.9291187739463601 0.1 0.0
1669 0.514 0.9310344827586207 0.104 0.0
63 0.297 0.8831417624521073 0.158 0.0
1670 0.499 0.8869731800766284 0.07 0.0
6 0.441 0.9329501915708812 0.022 0.0
315 0.266 0.4185823754789272 0.06 0.03639846743295019
1671 0.331 0.41954022988505746 0.066 0.0421455938697318
105 0.276 0.49712643678160917 0.02 0.02490421455938697
748 0.317 0.5028735632183908 0.058 0.0210727969348659
315 0.449 0.46551724137931033 0.122 0.07279693486590039
1671 0.595 0.4722222222222222 0.146 0.06704980842911877
6 0.529 0.5229885057471264 0.226 0.0421455938697318
1672 0.418 0.9003831417624522 0.088 0.034482758620689655
