1237 0.8558558558558559 0.788 0.12612612612612611 0.0
1237 0.5468468468468468 0.954 0.1063063063063063 0.0
6 0.8648648648648649 0.958 0.032432432432432434 0.0
6 0.8774774774774775 0.956 0.06846846846846846 0.0
6 0.4477477477477477 0.0 0.08468468468468468 0.0
1238 0.6927927927927928 0.495 0.14954954954954955 0.022
1237 0.6864864864864865 0.582 0.16216216216216217 0.096
36 0.6567567567567567 0.676 0.01981981981981982 0.06
1239 0.709009009009009 0.663 0.05945945945945946 0.01
493 0.5306306306306307 0.534 0.07747747747747748 0.0
6 0.5513513513513514 0.689 0.0972972972972973 0.014
