731 0.29496951219512196 0.6659242761692651 0.09908536585365854 0.0
2320 0.4870426829268293 0.6815144766146993 0.0625 0.0
146 0.5480182926829268 0.6837416481069042 0.06554878048780488 0.0
2321 0.48628048780487804 0.4242761692650334 0.5670731707317073 0.09131403118040089
2322 0.39939024390243905 0.7104677060133631 0.09146341463414634 0.07126948775055679
2323 0.6516768292682927 0.7271714922048997 0.12957317073170732 0.07349665924276169
217 0.29801829268292684 0.7895322939866369 0.10823170731707317 0.07349665924276169
220 0.3719512195121951 0.7906458797327395 0.027439024390243903 0.062360801781737196
1366 0.43902439024390244 0.7939866369710468 0.0975609756097561 0.07349665924276169
2323 0.5640243902439024 0.8051224944320713 0.13414634146341464 0.0779510022271715
2324 0.676829268292683 0.8062360801781737 0.08536585365853659 0.066815144766147
