351 0.48671875 0.4875 0.1796875 0.028125
352 0.634375 0.65546875 0.075 0.2828125
353 0.58359375 0.81796875 0.0859375 0.0734375
351 0.27890625 0.69921875 0.0109375 0.0796875
354 0.32890625 0.53828125 0.0421875 0.0265625
6 0.3453125 0.78828125 0.0375 0.0953125
6 0.2890625 0.6015625 0.140625 0.228125
6 0.29375 0.58671875 0.05 0.0296875
355 0.290625 0.7609375 0.021875 0.0375
356 0.33046875 0.82890625 0.0234375 0.0390625
6 0.4140625 0.87734375 0.0375 0.0359375
357 0.46875 0.86484375 0.0625 0.0015625
