233 0.28125 0.4895330112721417 0.14791666666666667 0.0
212 0.28020833333333334 0.5426731078904992 0.05625 0.0
214 0.4109375 0.46537842190016104 0.034375 0.0998389694041868
215 0.4588541666666667 0.3711755233494364 0.04479166666666667 0.05958132045088567
216 0.5380208333333333 0.3140096618357488 0.09270833333333334 0.028985507246376812
217 0.6276041666666666 0.3276972624798712 0.057291666666666664 0.027375201288244767
220 0.6635416666666667 0.38405797101449274 0.008333333333333333 0.05314009661835749
218 0.7161458333333334 0.464573268921095 0.042708333333333334 0.14653784219001612
219 0.4921875 0.7447665056360708 0.059375 0.04669887278582931
220 0.5369791666666667 0.8027375201288245 0.023958333333333335 0.05636070853462158
221 0.6140625 0.7463768115942029 0.103125 0.07568438003220612
