1090 0.5910891089108911 0.726 0.11683168316831684 0.0
1091 0.4376237623762376 0.728 0.1188118811881188 0.0
1092 0.12673267326732673 0.429 0.055445544554455446 0.278
34 0.22673267326732674 0.217 0.07722772277227723 0.09
1093 0.4801980198019802 0.147 0.3782178217821782 0.026
1094 0.8138613861386138 0.368 0.23366336633663368 0.436
0 0.2524752475247525 0.711 0.10891089108910891 0.11
1095 0.39801980198019804 0.808 0.1702970297029703 0.064
378 0.6148514851485148 0.806 0.22772277227722773 0.068
1096 0.7792079207920792 0.707 0.07326732673267326 0.11
