2483 0.9518849206349206 0.31040564373897706 0.09226190476190477 0.0
2484 0.31845238095238093 0.599647266313933 0.02976190476190476 0.0
2485 0.39087301587301587 0.6049382716049383 0.031746031746031744 0.0
2486 0.5615079365079365 0.6084656084656085 0.037698412698412696 0.0
6 0.23015873015873015 0.3368606701940035 0.027777777777777776 0.1728395061728395
2487 0.3298611111111111 0.23015873015873015 0.1359126984126984 0.07583774250440917
2488 0.5372023809523809 0.18871252204585537 0.22916666666666666 0.014109347442680775
570 0.3759920634920635 0.3342151675485009 0.1488095238095238 0.029982363315696647
6 0.4771825396825397 0.3253968253968254 0.031746031746031744 0.05114638447971781
1667 0.5649801587301587 0.3165784832451499 0.11607142857142858 0.04409171075837742
2489 0.38492063492063494 0.4074074074074074 0.17261904761904762 0.04585537918871252
6 0.49255952380952384 0.3977072310405644 0.022817460317460316 0.04056437389770723
528 0.5639880952380952 0.3835978835978836 0.10615079365079365 0.05114638447971781
2490 0.8179563492063492 0.36684303350970016 0.14186507936507936 0.08818342151675485
6 0.8883928571428571 0.5149911816578483 0.050595238095238096 0.07054673721340388
6 0.9637896825396826 0.5132275132275133 0.054563492063492064 0.07054673721340388
6 0.07886904761904762 0.8395061728395061 0.04662698412698413 0.06701940035273368
2491 0.7668650793650794 0.654320987654321 0.037698412698412696 0.021164021164021163
2491 0.7678571428571429 0.8386243386243386 0.037698412698412696 0.026455026455026454
2491 0.96875 0.6613756613756614 0.03869047619047619 0.024691358024691357
2491 0.972718253968254 0.8641975308641975 0.040674603174603176 0.021164021164021163
2486 0.4756944444444444 0.6164021164021164 0.030753968253968252 0.019400352733686066
6 0.814484126984127 0.7795414462081128 0.1130952380952381 0.04938271604938271
6 0.8159722222222222 0.9814814814814815 0.10615079365079365 0.037037037037037035
6 0.22718253968253968 0.6146384479717814 0.06746031746031746 0.029982363315696647
6 0.22023809523809523 0.7204585537918872 0.06944444444444445 0.04056437389770723
6 0.21676587301587302 0.828042328042328 0.07043650793650794 0.037037037037037035
6 0.27827380952380953 0.6164021164021164 0.030753968253968252 0.03350970017636684
6 0.35267857142857145 0.6172839506172839 0.03670634920634921 0.031746031746031744
6 0.4290674603174603 0.6225749559082893 0.040674603174603176 0.03527336860670194
6 0.5099206349206349 0.626984126984127 0.031746031746031744 0.037037037037037035
6 0.6200396825396826 0.6313932980599647 0.07341269841269842 0.03880070546737213
