1507 0.3998287671232877 0.744 0.07363013698630137 0.0
1508 0.4058219178082192 0.814 0.05821917808219178 0.0
1509 0.2191780821917808 0.119 0.11643835616438356 0.018
1509 0.571917808219178 0.406 0.2636986301369863 0.072
1260 0.4854452054794521 0.569 0.011986301369863013 0.046
290 0.5342465753424658 0.596 0.07876712328767123 0.032
1260 0.5958904109589042 0.615 0.03767123287671233 0.002
923 0.6284246575342466 0.566 0.03767123287671233 0.048
1510 0.4049657534246575 0.798 0.0702054794520548 0.028
1511 0.7337328767123288 0.785 0.04280821917808219 0.03
1512 0.7936643835616438 0.785 0.059931506849315065 0.034
1513 0.761986301369863 0.825 0.10616438356164383 0.034
1514 0.759417808219178 0.865 0.09075342465753425 0.034
1515 0.1053082191780822 0.935 0.10445205479452055 0.046
250 0.2645547945205479 0.928 0.20034246575342465 0.036
