705 0.36209239130434784 0.34416243654822337 0.3138586956521739 0.030456852791878174
706 0.32133152173913043 0.4573604060913706 0.24864130434782608 0.017258883248730966
707 0.49728260869565216 0.45989847715736043 0.07065217391304347 0.006091370558375634
708 0.281929347826087 0.584771573604061 0.38179347826086957 0.008121827411167513
709 0.14673913043478262 0.7248730964467005 0.08967391304347826 0.028426395939086295
706 0.32472826086956524 0.7192893401015228 0.2554347826086957 0.04568527918781726
710 0.4986413043478261 0.6609137055837564 0.059782608695652176 0.0649746192893401
711 0.7785326086956522 0.46802030456852795 0.3451086956521739 0.03451776649746193
706 0.7778532608695652 0.6015228426395939 0.23233695652173914 0.01116751269035533
710 0.9334239130434783 0.583248730964467 0.07608695652173914 0.04365482233502538
6 0.6922554347826086 0.06751269035532995 0.6073369565217391 0.12284263959390863
