6 0.3774671052631579 0.11944444444444445 0.26151315789473684 0.020370370370370372
1322 0.36348684210526316 0.19953703703703704 0.22039473684210525 0.023148148148148147
1323 0.26069078947368424 0.2689814814814815 0.23519736842105263 0.04722222222222222
1324 0.5024671052631579 0.23472222222222222 0.21875 0.025
35 0.24424342105263158 0.33611111111111114 0.10361842105263158 0.012962962962962963
1325 0.42105263157894735 0.2851851851851852 0.25 0.040740740740740744
6 0.3717105263157895 0.3435185185185185 0.46710526315789475 0.08333333333333333
1326 0.171875 0.44537037037037036 0.11019736842105263 0.03333333333333333
1327 0.3347039473684211 0.6199074074074075 0.17269736842105263 0.04722222222222222
1328 0.3824013157894737 0.6152777777777778 0.48848684210526316 0.03796296296296296
1329 0.2845394736842105 0.7236111111111111 0.08881578947368421 0.019444444444444445
1330 0.39555921052631576 0.7171296296296297 0.12006578947368421 0.013888888888888888
1331 0.5230263157894737 0.7037037037037037 0.12171052631578948 0.011111111111111112
6 0.4161184210526316 0.7217592592592592 0.2993421052631579 0.023148148148148147
493 0.29769736842105265 0.8101851851851852 0.0625 0.03888888888888889
1332 0.4975328947368421 0.7537037037037037 0.11677631578947369 0.003703703703703704
577 0.5748355263157895 0.7453703703703703 0.03125 0.014814814814814815
1333 0.6973684210526315 0.7347222222222223 0.16776315789473684 0.025
6 0.5098684210526315 0.7708333333333334 0.12171052631578948 0.002777777777777778
