2348 0.6030769230769231 0.5914110429447853 0.19692307692307692 0.0
1646 0.40615384615384614 0.3374233128834356 0.12307692307692308 0.0
730 0.2653846153846154 0.33496932515337424 0.08461538461538462 0.0
34 0.53 0.3423312883435583 0.07846153846153846 0.0
2349 0.5461538461538461 0.4466257668711656 0.055384615384615386 0.0
377 0.24846153846153846 0.1411042944785276 0.3153846153846154 0.08834355828220859
118 0.5030769230769231 0.1521472392638037 0.08 0.07607361963190185
1725 0.7376923076923076 0.16503067484662576 0.2753846153846154 0.07975460122699386
2350 0.51 0.2650306748466258 0.8630769230769231 0.12269938650306748
1139 0.6353846153846154 0.38282208588957056 0.052307692307692305 0.06134969325153374
146 0.77 0.3914110429447853 0.1 0.06625766871165645
2351 0.4330769230769231 0.47914110429447854 0.14615384615384616 0.05276073619631902
2352 0.6538461538461539 0.4834355828220859 0.11076923076923077 0.053987730061349694
2353 0.41384615384615386 0.6153374233128834 0.14153846153846153 0.04049079754601227
40 0.29846153846153844 0.8177914110429448 0.07076923076923076 0.1607361963190184
34 0.39076923076923076 0.6969325153374233 0.08307692307692308 0.044171779141104296
0 0.5092307692307693 0.6625766871165644 0.12923076923076923 0.012269938650306749
2354 0.6846153846153846 0.7263803680981595 0.18769230769230769 0.13496932515337423
