165 0.20092592592592592 0.6228419654714475 0.027777777777777776 0.029216467463479414
166 0.2310185185185185 0.648738379814077 0.028703703703703703 0.014608233731739707
167 0.262037037037037 0.6460823373173971 0.03148148148148148 0.014608233731739707
168 0.2861111111111111 0.6254980079681275 0.014814814814814815 0.01859229747675963
6 0.23564814814814813 0.547144754316069 0.08611111111111111 0.02656042496679947
6 0.49537037037037035 0.5365205843293492 0.3685185185185185 0.15405046480743692
169 0.3574074074074074 0.6162018592297477 0.07962962962962963 0.08233731739707835
170 0.425462962962963 0.6235059760956175 0.05462962962962963 0.07304116865869854
171 0.5083333333333333 0.6347941567065073 0.11296296296296296 0.0796812749003984
172 0.5879629629629629 0.648074369189907 0.040740740740740744 0.06905710491367861
173 0.6296296296296297 0.6520584329349269 0.03888888888888889 0.06640106241699867
174 0.6675925925925926 0.6640106241699867 0.04259259259259259 0.06640106241699867
175 0.2324074074074074 0.46679946879150064 0.09259259259259259 0.033200531208499334
176 0.41064814814814815 0.6972111553784861 0.032407407407407406 0.02656042496679947
177 0.45092592592592595 0.6992031872509961 0.040740740740740744 0.033200531208499334
178 0.49166666666666664 0.704515272244356 0.040740740740740744 0.027888446215139442
167 0.5337962962962963 0.7131474103585658 0.049074074074074076 0.03187250996015936
168 0.5722222222222222 0.7151394422310757 0.02962962962962963 0.033200531208499334
179 0.6143518518518518 0.7204515272244356 0.05462962962962963 0.033200531208499334
