1965 0.659375 0.259375 0.1515625 0.0
1966 0.3875 0.25729166666666664 0.1375 0.0
1967 0.358984375 0.1609375 0.18515625 0.078125
1968 0.687890625 0.17083333333333334 0.18671875 0.09166666666666666
1969 0.353515625 0.21770833333333334 0.03046875 0.020833333333333332
1970 0.405078125 0.19427083333333334 0.05859375 0.017708333333333333
1971 0.63203125 0.20052083333333334 0.0703125 0.023958333333333335
1072 0.68828125 0.22239583333333332 0.0375 0.030208333333333334
1972 0.2265625 0.14375 0.075 0.03125
1561 0.27890625 0.15364583333333334 0.021875 0.026041666666666668
220 0.0515625 0.4625 0.0296875 0.03125
1973 0.13671875 0.4296875 0.140625 0.021875
1974 0.2484375 0.4317708333333333 0.0734375 0.026041666666666668
1975 0.064453125 0.5354166666666667 0.04140625 0.025
120 0.109375 0.528125 0.0375 0.025
0 0.148828125 0.5192708333333333 0.03828125 0.026041666666666668
1976 0.20078125 0.509375 0.0609375 0.01875
1284 0.261328125 0.49635416666666665 0.05234375 0.015625
898 0.434765625 0.3338541666666667 0.01953125 0.021875
246 0.612109375 0.33541666666666664 0.02109375 0.025
1977 0.540234375 0.9453125 0.11328125 0.065625
1978 0.69140625 0.9432291666666667 0.165625 0.078125
96 0.77734375 0.4427083333333333 0.046875 0.03958333333333333
220 0.8125 0.45 0.0140625 0.0375
1979 0.84140625 0.45416666666666666 0.0390625 0.0375
220 0.755859375 0.5020833333333333 0.01328125 0.03958333333333333
407 0.77578125 0.5078125 0.015625 0.040625
1980 0.825 0.5161458333333333 0.0734375 0.04479166666666667
1969 0.946875 0.6984375 0.0484375 0.109375
246 0.993359375 0.7390625 0.01171875 0.065625
1981 0.96953125 0.7864583333333334 0.05625 0.12083333333333333
1260 0.930078125 0.7901041666666667 0.02109375 0.053125
1208 0.95546875 0.8244791666666667 0.0234375 0.059375
1982 0.98828125 0.8692708333333333 0.01875 0.07395833333333333
6 0.572265625 0.9927083333333333 0.04453125 0.016666666666666666
1983 0.120703125 0.6671875 0.09453125 0.009375
1985 0.151171875 0.6755208333333333 0.03828125 0.005208333333333333
1986 0.12265625 0.7010416666666667 0.065625 0.00625
1987 0.124609375 0.7197916666666667 0.06796875 0.00625
1703 0.088671875 0.7520833333333333 0.02109375 0.014583333333333334
147 0.16015625 0.7208333333333333 0.028125 0.010416666666666666
