74 0.3717948717948718 0.194 0.14102564102564102 0.116
774 0.5216346153846154 0.154 0.1362179487179487 0.056
1027 0.6354166666666666 0.247 0.052884615384615384 0.114
1028 0.4254807692307692 0.31 0.11378205128205128 0.036
1029 0.5536858974358975 0.32 0.11378205128205128 0.04
39 0.3485576923076923 0.332 0.06891025641025642 0.032
1030 0.44471153846153844 0.336 0.08173076923076923 0.036
1031 0.5264423076923077 0.347 0.07852564102564102 0.03
1032 0.6161858974358975 0.357 0.06570512820512821 0.042
1033 0.47996794871794873 0.371 0.11378205128205128 0.034
