1991 0.7040697674418605 0.275 0.35 0.022
981 0.4819767441860465 0.513 0.03372093023255814 0.102
1605 0.5575581395348838 0.535 0.0872093023255814 0.114
1992 0.6755813953488372 0.567 0.11627906976744186 0.118
1993 0.8052325581395349 0.6 0.09883720930232558 0.12
1667 0.9145348837209303 0.628 0.0755813953488372 0.116
36 0.47325581395348837 0.637 0.027906976744186046 0.078
1994 0.5668604651162791 0.657 0.12906976744186047 0.102
1995 0.6709302325581395 0.682 0.05116279069767442 0.08
1996 0.7808139534883721 0.707 0.06627906976744186 0.082
753 0.45988372093023255 0.733 0.02441860465116279 0.086
1997 0.5633720930232559 0.746 0.12906976744186047 0.104
1113 0.6813953488372093 0.77 0.06046511627906977 0.076
1996 0.8790697674418605 0.816 0.05813953488372093 0.08
1998 0.8703488372093023 0.904 0.07093023255813953 0.072
1999 0.5005813953488372 0.838 0.06395348837209303 0.088
1993 0.6156976744186047 0.858 0.12209302325581395 0.104
1667 0.7418604651162791 0.828 0.09534883720930233 0.0
2000 0.5395348837209303 0.93 0.12558139534883722 0.076
2001 0.7941860465116279 0.974 0.10232558139534884 0.056
6 0.541860465116279 0.974 0.10232558139534884 0.04
