606 0.6922398589065256 0.007936507936507936 0.09700176366843033 0.0
607 0.7671957671957672 0.010912698412698412 0.03527336860670194 0.0
444 0.5326278659611993 0.0 0.08465608465608465 0.0
608 0.4585537918871252 0.022817460317460316 0.07407407407407407 0.0
6 0.7663139329805997 0.20535714285714285 0.05114638447971781 0.0
609 0.48236331569664903 0.5376984126984127 0.04409171075837742 0.037698412698412696
610 0.4462081128747795 0.48561507936507936 0.04585537918871252 0.050595238095238096
611 0.5352733686067019 0.4503968253968254 0.10052910052910052 0.007936507936507936
612 0.6040564373897708 0.5853174603174603 0.0582010582010582 0.023809523809523808
584 0.6402116402116402 0.5679563492063492 0.03880070546737213 0.01488095238095238
613 0.6710758377425045 0.5376984126984127 0.029982363315696647 0.04563492063492063
614 0.20105820105820105 0.18204365079365079 0.07407407407407407 0.022817460317460316
