6 0.14739583333333334 0.218359375 0.128125 0.11796875
2669 0.4322916666666667 0.2734375 0.43333333333333335 0.1578125
2669 0.625 0.42265625 0.46875 0.1984375
2670 0.32135416666666666 0.525 0.08020833333333334 0.05
1350 0.4203125 0.56796875 0.071875 0.0171875
2671 0.5078125 0.57890625 0.10104166666666667 0.0046875
2672 0.6177083333333333 0.5640625 0.07291666666666667 0.021875
2673 0.696875 0.53828125 0.05 0.0203125
577 0.3411458333333333 0.620703125 0.040625 0.06953125
1685 0.45989583333333334 0.619140625 0.121875 0.01015625
784 0.6213541666666667 0.599609375 0.16145833333333334 0.04140625
