36 0.45185185185185184 0.6013888888888889 0.044444444444444446 0.026851851851851852
1763 0.45185185185185184 0.5587962962962963 0.03209876543209877 0.05092592592592592
34 0.5080246913580246 0.5208333333333334 0.05555555555555555 0.004629629629629629
1754 0.5555555555555556 0.47824074074074074 0.06419753086419754 0.028703703703703703
612 0.6185185185185185 0.47453703703703703 0.04691358024691358 0.021296296296296296
219 0.6808641975308642 0.45231481481481484 0.05308641975308642 0.006481481481481481
1764 0.7382716049382716 0.4652777777777778 0.04691358024691358 0.025
0 0.7660493827160494 0.49212962962962964 0.016049382716049384 0.032407407407407406
1765 0.7753086419753087 0.5305555555555556 0.0049382716049382715 0.040740740740740744
6 0.5561728395061728 0.6324074074074074 0.1765432098765432 0.009259259259259259
6 0.10123456790123457 0.5277777777777778 0.1382716049382716 0.15185185185185185
