1781 0.4728395061728395 0.49722222222222223 0.07407407407407407 0.0
1782 0.5098765432098765 0.5231481481481481 0.12098765432098765 0.0
1076 0.5302469135802469 0.5027777777777778 0.030864197530864196 0.0
116 0.562962962962963 0.5046296296296297 0.02962962962962963 0.0
1783 0.5092592592592593 0.2125 0.25555555555555554 0.025
1417 0.5209876543209877 0.2574074074074074 0.15308641975308643 0.04259259259259259
621 0.5098765432098765 0.2773148148148148 0.18271604938271604 0.013888888888888888
1784 0.45 0.32546296296296295 0.14444444444444443 0.03425925925925926
943 0.5901234567901235 0.34074074074074073 0.1037037037037037 0.02962962962962963
1785 0.46358024691358024 0.35324074074074074 0.08765432098765433 0.03425925925925926
1786 0.6024691358024692 0.362962962962963 0.07160493827160494 0.03148148148148148
373 0.46728395061728395 0.4041666666666667 0.04567901234567901 0.013888888888888888
1787 0.5450617283950617 0.38842592592592595 0.11728395061728394 0.025
1788 0.5191358024691358 0.4398148148148148 0.1419753086419753 0.0
6 0.9432098765432099 0.33425925925925926 0.10864197530864197 0.42777777777777776
