1928 0.3512658227848101 0.440625 0.3037974683544304 0.0
300 0.6550632911392406 0.43125 0.2721518987341772 0.0
2553 0.10126582278481013 0.3421875 0.06962025316455696 0.171875
2554 0.3259493670886076 0.1234375 0.310126582278481 0.146875
2555 0.7563291139240507 0.2421875 0.379746835443038 0.359375
2556 0.4240506329113924 0.3046875 0.25316455696202533 0.059375
577 0.6550632911392406 0.3078125 0.13291139240506328 0.071875
246 0.2563291139240506 0.7296875 0.0189873417721519 0.140625
1790 0.36550632911392406 0.7875 0.04746835443037975 0.13125
669 0.6265822784810127 0.721875 0.22784810126582278 0.075
