344 0.32734375 0.42183098591549295 0.04375 0.12816901408450704
1348 0.39296875 0.31971830985915495 0.08125 0.061971830985915494
1349 0.49609375 0.3401408450704225 0.1140625 0.1
954 0.56640625 0.45140845070422536 0.025 0.11126760563380282
1350 0.409375 0.7274647887323944 0.046875 0.02112676056338028
1351 0.468359375 0.726056338028169 0.05859375 0.02676056338028169
1352 0.525 0.6711267605633803 0.0484375 0.07183098591549296
6 0.408203125 0.4 0.07421875 0.030985915492957747
1353 0.477734375 0.397887323943662 0.05859375 0.035211267605633804
1354 0.43828125 0.43591549295774645 0.1359375 0.04084507042253521
