1489 0.2671296296296296 0.3021346469622332 0.04722222222222222 0.026272577996715927
1490 0.32314814814814813 0.2832512315270936 0.07222222222222222 0.0180623973727422
1491 0.4097222222222222 0.2963875205254516 0.09351851851851851 0.03776683087027915
633 0.2759259259259259 0.36042692939244664 0.0962962962962963 0.07717569786535304
750 0.4064814814814815 0.3415435139573071 0.12777777777777777 0.05582922824302135
1492 0.3074074074074074 0.4178981937602627 0.05185185185185185 0.0049261083743842365
1493 0.3587962962962963 0.40804597701149425 0.062037037037037036 0.027914614121510674
954 0.41203703703703703 0.4006568144499179 0.040740740740740744 0.019704433497536946
1494 0.874537037037037 0.17405582922824303 0.04351851851851852 0.026272577996715927
329 0.9314814814814815 0.12151067323481117 0.08518518518518518 0.026272577996715927
6 0.987037037037037 0.07060755336617405 0.022222222222222223 0.05582922824302135
6 0.9689814814814814 0.4400656814449918 0.062037037037037036 0.3448275862068966
