271 0.2916666666666667 0.8543046357615894 0.11170212765957446 0.0
181 0.20301418439716312 0.8830022075055187 0.047872340425531915 0.0
272 0.5363475177304965 0.8344370860927153 0.15070921985815602 0.0
273 0.21365248226950354 0.7770419426048565 0.13652482269503546 0.0
35 0.5851063829787234 0.3509933774834437 0.06028368794326241 0.0
274 0.13918439716312056 0.3631346578366446 0.09042553191489362 0.033112582781456956
275 0.2703900709219858 0.32450331125827814 0.10815602836879433 0.04415011037527594
276 0.20390070921985815 0.40507726269315675 0.3475177304964539 0.024282560706401765
277 0.22340425531914893 0.48233995584988965 0.07092198581560284 0.019867549668874173
278 0.09042553191489362 0.5706401766004415 0.0851063829787234 0.033112582781456956
279 0.2225177304964539 0.5540838852097131 0.0726950354609929 0.03532008830022075
205 0.09574468085106383 0.6258278145695364 0.05319148936170213 0.02869757174392936
280 0.20301418439716312 0.6048565121412803 0.044326241134751775 0.02207505518763797
281 0.20124113475177305 0.7218543046357616 0.34574468085106386 0.08830022075055188
6 0.054078014184397165 0.8785871964679912 0.0549645390070922 0.052980132450331126
282 0.10904255319148937 0.8774834437086093 0.044326241134751775 0.0640176600441501
118 0.10549645390070922 0.8068432671081678 0.047872340425531915 0.046357615894039736
283 0.4423758865248227 0.17660044150110377 0.10106382978723404 0.008830022075055188
284 0.6382978723404256 0.11368653421633554 0.21631205673758866 0.024282560706401765
285 0.5700354609929078 0.22075055187637968 0.36347517730496454 0.03090507726269316
286 0.5549645390070922 0.2891832229580574 0.34397163120567376 0.11920529801324503
287 0.6117021276595744 0.40618101545253865 0.29432624113475175 0.10154525386313466
288 0.5700354609929078 0.5518763796909493 0.374113475177305 0.004415011037527594
6 0.5336879432624113 0.6313465783664459 0.2978723404255319 0.03090507726269316
289 0.5053191489361702 0.7130242825607064 0.2375886524822695 0.06181015452538632
290 0.5514184397163121 0.7880794701986755 0.1879432624113475 0.004415011037527594
6 0.5656028368794326 0.8984547461368654 0.3191489361702128 0.013245033112582781
291 0.8918439716312057 0.6479028697571744 0.06382978723404255 0.037527593818984545
291 0.8882978723404256 0.6766004415011038 0.06382978723404255 0.033112582781456956
292 0.9636524822695035 0.6865342163355408 0.06914893617021277 0.039735099337748346
6 0.3147163120567376 0.4613686534216336 0.0797872340425532 0.08388520971302428
6 0.3262411347517731 0.5176600441501104 0.0425531914893617 0.059602649006622516
6 0.3120567375886525 0.5596026490066225 0.03900709219858156 0.037527593818984545
