165 0.02890625 0.36770833333333336 0.0515625 0.0375
829 0.09453125 0.384375 0.0546875 0.05416666666666667
830 0.129296875 0.10208333333333333 0.02109375 0.04791666666666667
831 0.22265625 0.165625 0.134375 0.13333333333333333
832 0.30546875 0.22708333333333333 0.015625 0.04375
833 0.155859375 0.1625 0.08984375 0.08958333333333333
834 0.259375 0.22916666666666666 0.0953125 0.09791666666666667
835 0.131640625 0.1875 0.08828125 0.08958333333333333
836 0.24453125 0.25729166666666664 0.11875 0.10833333333333334
830 0.0484375 0.18125 0.028125 0.06875
837 0.134765625 0.234375 0.10703125 0.10833333333333334
838 0.2203125 0.2864583333333333 0.0453125 0.0625
839 0.116015625 0.27291666666666664 0.05703125 0.07291666666666667
840 0.1984375 0.3145833333333333 0.0328125 0.052083333333333336
841 0.1078125 0.6229166666666667 0.03125 0.03333333333333333
