2002 0.29527027027027025 0.6483001172332943 0.08513513513513514 0.0
2003 0.5081081081081081 0.675263774912075 0.05675675675675676 0.0
412 0.3952702702702703 0.5392731535756154 0.041891891891891894 0.0
2004 0.051351351351351354 0.41031652989449 0.04594594594594595 0.0
6 0.024324324324324326 0.35873388042203985 0.043243243243243246 0.0
2005 0.2918918918918919 0.2924970691676436 0.16486486486486487 0.041031652989449004
610 0.47905405405405405 0.2708089097303634 0.13648648648648648 0.004689331770222743
2006 0.6297297297297297 0.29308323563892147 0.13243243243243244 0.032825322391559206
2007 0.45 0.3364595545134818 0.04864864864864865 0.0
1754 0.40405405405405403 0.3810082063305979 0.01891891891891892 0.0492379835873388
2008 0.497972972972973 0.37807737397420865 0.02027027027027027 0.04572098475967175
447 0.45135135135135135 0.4196951934349355 0.03513513513513514 0.01406799531066823
1139 0.28445945945945944 0.44079718640093785 0.0472972972972973 0.009378663540445486
2009 0.3878378378378378 0.4536928487690504 0.12432432432432433 0.011723329425556858
127 0.5506756756756757 0.44314185228604924 0.1581081081081081 0.03048065650644783
2010 0.2527027027027027 0.5697538100820633 0.2 0.03751465416178194
2011 0.5114864864864865 0.5650644783118406 0.1472972972972973 0.035169988276670575
2012 0.24391891891891893 0.6969519343493552 0.12837837837837837 0.015240328253223915
491 0.32635135135135135 0.694021101992966 0.022972972972972974 0.01875732708089097
2013 0.37972972972972974 0.6922626025791325 0.062162162162162166 0.01992966002344666
