146 0.24659606656580937 0.43456375838926176 0.11497730711043873 0.025727069351230425
2253 0.44175491679273826 0.4155480984340045 0.2329803328290469 0.0011185682326621924
2254 0.43040847201210286 0.4865771812080537 0.3585476550680787 0.011185682326621925
347 0.6066565809379728 0.44854586129753915 0.0453857791225416 0.06040268456375839
12 0.6838124054462935 0.46308724832214765 0.04236006051437216 0.06040268456375839
34 0.6422087745839636 0.5022371364653244 0.037821482602118005 0.04697986577181208
481 0.3267776096822995 0.54082774049217 0.20574886535552195 0.03243847874720358
2255 0.5711043872919819 0.5425055928411633 0.264750378214826 0.03803131991051454
2256 0.2518910741301059 0.5721476510067114 0.12556732223903178 0.025727069351230425
889 0.38502269288956126 0.5766219239373602 0.11951588502269289 0.025727069351230425
2257 0.5983358547655068 0.5766219239373602 0.2405446293494705 0.02796420581655481
1093 0.46142208774583965 0.6096196868008948 0.22390317700453857 0.03803131991051454
6 0.6777609682299546 0.7762863534675615 0.09682299546142209 0.035794183445190156
6 0.44780635400907715 0.6784116331096197 0.07564296520423601 0.007829977628635347
2258 0.4379727685325265 0.9133109619686801 0.0680786686838124 0.012304250559284116
