899 0.8924259055982436 0.346 0.09659714599341383 0.0
900 0.49231613611416025 0.467 0.11964873765093303 0.062
901 0.7058177826564215 0.453 0.26125137211855104 0.078
6 0.8929747530186608 0.473 0.06256860592755215 0.046
6 0.4813391877058178 0.641 0.11964873765093303 0.05
6 0.7886937431394072 0.652 0.17453347969264543 0.056
6 0.38474204171240395 0.728 0.09989023051591657 0.1
6 0.49176728869374314 0.72 0.09879253567508232 0.052
6 0.5828759604829857 0.803 0.07025246981339188 0.23
6 0.743139407244786 0.813 0.21514818880351264 0.25
6 0.8710208562019759 0.827 0.025246981339187707 0.242
