1432 0.062135922330097085 0.374 0.10485436893203884 0.0
584 0.14951456310679612 0.356 0.05436893203883495 0.02
1433 0.20679611650485438 0.344 0.06019417475728155 0.016
1434 0.1912621359223301 0.426 0.21165048543689322 0.004
1435 0.5174757281553398 0.352 0.34368932038834954 0.12
217 0.4262135922330097 0.575 0.07184466019417475 0.022
215 0.5106796116504855 0.569 0.06601941747572816 0.034
1436 0.5980582524271845 0.554 0.06990291262135923 0.04
1437 0.6961165048543689 0.55 0.05631067961165048 0.04
147 0.7737864077669903 0.531 0.06407766990291262 0.042
