2755 0.3050130208333333 0.35986328125 0.580078125 0.1552734375
2756 0.3391927083333333 0.4638671875 0.16015625 0.052734375
2757 0.5296223958333334 0.455078125 0.173828125 0.0322265625
2758 0.7825520833333334 0.29248046875 0.09375 0.0703125
2759 0.3723958333333333 0.5751953125 0.125 0.0966796875
6 0.5706380208333334 0.5576171875 0.240234375 0.05859375
2760 0.13411458333333334 0.693115234375 0.11328125 0.05712890625
6 0.4163411458333333 0.69091796875 0.056640625 0.0498046875
1566 0.18489583333333334 0.580322265625 0.05078125 0.09228515625
6 0.07356770833333333 0.600830078125 0.05078125 0.04833984375
