2002 0.09505208333333333 0.363525390625 0.17578125 0.14794921875
118 0.3098958333333333 0.28955078125 0.1328125 0.0087890625
1257 0.5091145833333334 0.408203125 0.12109375 0.181640625
2785 0.2825520833333333 0.56494140625 0.55859375 0.1962890625
2786 0.3167317708333333 0.671875 0.615234375 0.09375
2787 0.7757161458333334 0.350341796875 0.080078125 0.03076171875
142 0.8460286458333334 0.35986328125 0.037109375 0.0205078125
2788 0.9046223958333334 0.363525390625 0.064453125 0.02197265625
6 0.8401692708333334 0.3876953125 0.224609375 0.0498046875
2789 0.13216145833333334 0.75244140625 0.24609375 0.0673828125
205 0.3938802083333333 0.771484375 0.14453125 0.0556640625
2790 0.6048177083333334 0.791259765625 0.22265625 0.06005859375
