6 0.48885793871866295 0.036328125 0.13649025069637882 0.01484375
2990 0.5515320334261838 0.3296875 0.13649025069637882 0.0390625
2990 0.14415041782729804 0.335546875 0.12395543175487465 0.05078125
2991 0.44428969359331477 0.4046875 0.0947075208913649 0.034375
2992 0.5668523676880223 0.408203125 0.1309192200557103 0.04140625
2993 0.44220055710306405 0.474609375 0.06545961002785515 0.04765625
2994 0.5821727019498607 0.4734375 0.05013927576601671 0.0453125
2995 0.06128133704735376 0.419140625 0.06685236768802229 0.03515625
2991 0.2116991643454039 0.409765625 0.09749303621169916 0.03359375
2994 0.08217270194986072 0.481640625 0.055710306406685235 0.04921875
6 0.16573816155988857 0.491796875 0.11420612813370473 0.03046875
2996 0.5118384401114207 0.62890625 0.057103064066852366 0.0125
6 0.8523676880222841 0.515234375 0.233983286908078 0.00390625
