2823 0.7601744186046512 0.0905861456483126 0.45058139534883723 0.1349911190053286
247 0.592296511627907 0.30817051509769094 0.12936046511627908 0.0905861456483126
220 0.7049418604651163 0.28063943161634103 0.055232558139534885 0.06039076376554174
482 0.8066860465116279 0.2468916518650089 0.13372093023255813 0.02486678507992895
1315 0.934593023255814 0.2984014209591474 0.09883720930232558 0.08170515097690942
627 0.7332848837209303 0.47602131438721135 0.14970930232558138 0.06039076376554174
2267 0.8597383720930233 0.4706927175843694 0.06540697674418605 0.0674955595026643
2824 0.6584302325581395 0.8019538188277087 0.18313953488372092 0.02664298401420959
2825 0.6642441860465116 0.9280639431616341 0.18895348837209303 0.023090586145648313
6 0.3190406976744186 0.26465364120781526 0.12645348837209303 0.10301953818827708
