104 0.34891304347826085 0.14297385620915032 0.1826086956521739 0.25
2456 0.5375 0.06209150326797386 0.1423913043478261 0.0784313725490196
621 0.6597826086956522 0.20506535947712418 0.07173913043478261 0.16830065359477125
2832 0.4141304347826087 0.19281045751633988 0.06956521739130435 0.058823529411764705
2833 0.5353260869565217 0.20261437908496732 0.06195652173913044 0.058823529411764705
2834 0.47445652173913044 0.4362745098039216 0.3532608695652174 0.1111111111111111
2835 0.4717391304347826 0.5555555555555556 0.358695652173913 0.10457516339869281
2836 0.4717391304347826 0.7058823529411765 0.17391304347826086 0.05228758169934641
619 0.35978260869565215 0.821078431372549 0.12391304347826088 0.1977124183006536
36 0.46358695652173915 0.9248366013071896 0.051086956521739134 0.006535947712418301
2837 0.5755434782608696 0.8251633986928104 0.15108695652173912 0.19607843137254902
