1445 0.21171875 0.22466960352422907 0.2703125 0.32599118942731276
1037 0.5546875 0.07709251101321586 0.390625 0.04405286343612335
2892 0.890625 0.3799559471365639 0.0 0.2092511013215859
593 0.1421875 0.8116740088105727 0.15 0.09030837004405286
1392 0.284375 0.8193832599118943 0.103125 0.07929515418502203
0 0.3875 0.8215859030837004 0.075 0.07488986784140969
2824 0.490625 0.8226872246696035 0.103125 0.08590308370044053
748 0.6296875 0.8259911894273128 0.13125 0.08370044052863436
2893 0.7515625 0.8270925110132159 0.096875 0.07709251101321586
6 0.8140625 0.8337004405286343 0.028125 0.05947136563876652
632 0.9046875 0.829295154185022 0.15 0.07268722466960352
