2763 0.15071614583333334 0.37158203125 0.072265625 0.345703125
1401 0.4368489583333333 0.436767578125 0.328125 0.15966796875
0 0.2639973958333333 0.564208984375 0.056640625 0.04833984375
2764 0.3889973958333333 0.619873046875 0.154296875 0.04248046875
2765 0.6214192708333334 0.597900390625 0.283203125 0.09521484375
2766 0.3948567708333333 0.656494140625 0.255859375 0.06298828125
2767 0.7073567708333334 0.627197265625 0.193359375 0.09521484375
0 0.17610677083333334 0.794189453125 0.236328125 0.06005859375
618 0.3577473958333333 0.792724609375 0.068359375 0.05712890625
2768 0.6477864583333334 0.80078125 0.453125 0.0673828125
