377 0.54 0.3055555555555556 0.24666666666666667 0.2733333333333333
2982 0.6625 0.37 0.175 0.051111111111111114
1725 0.6533333333333333 0.43555555555555553 0.15666666666666668 0.04888888888888889
102 0.64 0.49666666666666665 0.12 0.03777777777777778
2983 0.745 0.4955555555555556 0.06666666666666667 0.044444444444444446
102 0.4791666666666667 0.8955555555555555 0.075 0.07555555555555556
2983 0.5516666666666666 0.8977777777777778 0.04666666666666667 0.06666666666666667
2984 0.6358333333333334 0.8933333333333333 0.115 0.07111111111111111
34 0.7141666666666666 0.89 0.03166666666666667 0.07333333333333333
2985 0.7941666666666667 0.8855555555555555 0.125 0.06
