3040 0.4891025641025641 0.29933481152993346 0.06538461538461539 0.031042128603104215
3041 0.5525641025641026 0.2926829268292683 0.046153846153846156 0.026607538802660754
3042 0.6198717948717949 0.2838137472283814 0.07051282051282051 0.026607538802660754
3043 0.4532051282051282 0.34811529933481156 0.07307692307692308 0.03991130820399113
3044 0.5461538461538461 0.33813747228381374 0.09230769230769231 0.028824833702882482
648 0.6423076923076924 0.3270509977827051 0.07948717948717948 0.028824833702882482
3045 0.39615384615384613 0.4379157427937916 0.16923076923076924 0.08647450110864745
3046 0.5429487179487179 0.3869179600886918 0.06794871794871794 0.015521064301552107
3047 0.6512820512820513 0.4279379157427938 0.11025641025641025 0.06208425720620843
3048 0.35384615384615387 0.6696230598669624 0.08461538461538462 0.03547671840354767
3049 0.4358974358974359 0.664079822616408 0.06666666666666667 0.04212860310421286
3050 0.5153846153846153 0.6607538802660754 0.08461538461538462 0.03991130820399113
3051 0.65 0.6585365853658537 0.09743589743589744 0.04434589800443459
3052 0.3801282051282051 0.7749445676274944 0.047435897435897434 0.03325942350332594
3053 0.43141025641025643 0.7727272727272727 0.047435897435897434 0.03325942350332594
3054 0.5019230769230769 0.7738359201773836 0.08333333333333333 0.03547671840354767
3055 0.5942307692307692 0.770509977827051 0.0858974358974359 0.04212860310421286
3045 0.34102564102564104 0.8148558758314856 0.06666666666666667 0.037694013303769404
3056 0.4044871794871795 0.811529933481153 0.03974358974358974 0.03547671840354767
3057 0.4480769230769231 0.8093126385809313 0.03205128205128205 0.03991130820399113
3045 0.5076923076923077 0.8126385809312638 0.07179487179487179 0.037694013303769404
3058 0.5775641025641025 0.8137472283813747 0.06025641025641026 0.04878048780487805
3059 0.6474358974358975 0.8137472283813747 0.05641025641025641 0.04434589800443459
