1184 0.22287735849056603 0.125 0.25707547169811323 0.134375
309 0.6709905660377359 0.11953125 0.37028301886792453 0.1703125
6 0.49056603773584906 0.14921875 0.11320754716981132 0.0640625
1136 0.37971698113207547 0.21328125 0.1509433962264151 0.0640625
85 0.5695754716981132 0.21796875 0.19103773584905662 0.0671875
335 0.1509433962264151 0.31640625 0.08490566037735849 0.0578125
4985 0.4964622641509434 0.3234375 0.5070754716981132 0.0625
4045 0.47995283018867924 0.39296875 0.3466981132075472 0.0578125
4986 0.27240566037735847 0.45390625 0.2759433962264151 0.0671875
4987 0.6167452830188679 0.46015625 0.31839622641509435 0.0609375
36 0.47523584905660377 0.52109375 0.10141509433962265 0.0546875
2518 0.30542452830188677 0.578125 0.35141509433962265 0.059375
4988 0.6533018867924528 0.5828125 0.2783018867924528 0.059375
