87 0.31924198250728864 0.32375 0.26239067055393583 0.0675
2410 0.5714285714285714 0.3325 0.19533527696793002 0.08
6 0.2543731778425656 0.48875 0.030612244897959183 0.0325
3088 0.3673469387755102 0.4375 0.19825072886297376 0.04
3089 0.5488338192419825 0.45625 0.1326530612244898 0.0475
220 0.27696793002915454 0.87375 0.03206997084548105 0.0325
3090 0.3301749271137026 0.87375 0.0597667638483965 0.0325
120 0.391399416909621 0.8675 0.04518950437317784 0.025
3091 0.4584548104956268 0.86625 0.06851311953352769 0.0275
3092 0.5561224489795918 0.85875 0.10932944606413994 0.0275
1946 0.9263848396501457 0.94 0.05102040816326531 0.02
