1246 0.259375 0.2528830313014827 0.10208333333333333 0.16639209225700163
2373 0.415625 0.14827018121911037 0.17291666666666666 0.023064250411861616
3224 0.6010416666666667 0.18698517298187808 0.14791666666666667 0.10049423393739704
12 0.6822916666666666 0.29242174629324547 0.010416666666666666 0.09719934102141681
87 0.3958333333333333 0.45634266886326197 0.25416666666666665 0.04942339373970346
85 0.6125 0.4546952224052718 0.15833333333333333 0.04942339373970346
3225 0.440625 0.5090609555189456 0.4479166666666667 0.04612850082372323
3226 0.421875 0.5543657331136738 0.4479166666666667 0.047775947281713346
3227 0.47604166666666664 0.6070840197693574 0.46875 0.047775947281713346
3228 0.44375 0.6474464579901154 0.30833333333333335 0.039538714991762765
3229 0.32395833333333335 0.6927512355848435 0.11041666666666666 0.060955518945634266
3230 0.58125 0.6927512355848435 0.15416666666666667 0.07742998352553541
