3139 0.018229166666666668 0.2936197916666667 0.03125 0.049479166666666664
3140 0.19791666666666666 0.22395833333333334 0.2890625 0.02734375
2045 0.4915364583333333 0.24348958333333334 0.2513020833333333 0.024739583333333332
3141 0.026692708333333332 0.3522135416666667 0.045572916666666664 0.0234375
2297 0.08723958333333333 0.3020833333333333 0.028645833333333332 0.014322916666666666
1315 0.0859375 0.3177083333333333 0.041666666666666664 0.014322916666666666
118 0.08528645833333333 0.3359375 0.022135416666666668 0.009114583333333334
1873 0.08463541666666667 0.3502604166666667 0.03125 0.01171875
633 0.15690104166666666 0.341796875 0.07421875 0.026041666666666668
3 0.09114583333333333 0.505859375 0.0703125 0.0234375
