3004 0.5155555555555555 0.22666666666666666 0.68 0.006666666666666667
43 0.5033333333333333 0.3775 0.3888888888888889 0.058333333333333334
3005 0.3788888888888889 0.53 0.3088888888888889 0.08333333333333333
748 0.6777777777777778 0.5283333333333333 0.26222222222222225 0.07666666666666666
3 0.5188888888888888 0.8133333333333334 0.14888888888888888 0.05333333333333334
385 0.28 0.8725 0.16 0.04833333333333333
386 0.4444444444444444 0.8733333333333333 0.14222222222222222 0.05333333333333334
6 0.5566666666666666 0.8716666666666667 0.04666666666666667 0.05333333333333334
3006 0.6555555555555556 0.8708333333333333 0.1288888888888889 0.04833333333333333
36 0.7733333333333333 0.8725 0.06666666666666667 0.055
3007 0.5088888888888888 0.9716666666666667 0.20444444444444446 0.06
