3489 0.49322916666666666 0.3703125 0.17604166666666668 0.003125
3490 0.4453125 0.460546875 0.11770833333333333 0.02578125
1128 0.5572916666666666 0.46796875 0.08958333333333333 0.025
1612 0.4244791666666667 0.480078125 0.084375 0.02109375
149 0.5359375 0.482421875 0.13229166666666667 0.02109375
3491 0.47604166666666664 0.68125 0.22916666666666666 0.0953125
2851 0.47239583333333335 0.75234375 0.23020833333333332 0.046875
3490 0.8776041666666666 0.837109375 0.12395833333333334 0.06796875
3492 0.8677083333333333 0.9640625 0.07708333333333334 0.025
3493 0.9505208333333334 0.85703125 0.08854166666666667 0.0234375
3494 0.9661458333333334 0.6953125 0.053125 0.034375
