1445 0.38285714285714284 0.3238095238095238 0.10285714285714286 0.045714285714285714
1513 0.34 0.44952380952380955 0.054285714285714284 0.05714285714285714
3465 0.30142857142857143 0.6447619047619048 0.12 0.05142857142857143
3466 0.4471428571428571 0.6514285714285715 0.14285714285714285 0.07238095238095238
6 0.03857142857142857 0.6447619047619048 0.04285714285714286 0.05904761904761905
3465 0.11785714285714285 0.6409523809523809 0.08428571428571428 0.047619047619047616
6 0.18142857142857144 0.36952380952380953 0.10285714285714286 0.015238095238095238
1513 0.1357142857142857 0.4657142857142857 0.04 0.05142857142857143
3467 0.6578571428571428 0.058095238095238096 0.05285714285714286 0.07047619047619047
1445 0.7521428571428571 0.3019047619047619 0.05 0.2038095238095238
6 0.8164285714285714 0.4847619047619048 0.06142857142857143 0.22285714285714286
3465 0.7707142857142857 0.6228571428571429 0.047142857142857146 0.1676190476190476
6 0.8207142857142857 0.7504761904761905 0.032857142857142856 0.1180952380952381
3468 0.885 0.8276190476190476 0.07 0.30666666666666664
