377 0.2978494623655914 0.3569105691056911 0.26738351254480286 0.030894308943089432
118 0.4806451612903226 0.36341463414634145 0.06236559139784946 0.15772357723577235
22 0.5881720430107527 0.3024390243902439 0.12544802867383512 0.04552845528455285
3300 0.7487455197132616 0.33414634146341465 0.16129032258064516 0.06991869918699187
1849 0.17096774193548386 0.6317073170731707 0.053763440860215055 0.11219512195121951
3301 0.2537634408602151 0.6422764227642277 0.1003584229390681 0.13333333333333333
3302 0.3860215053763441 0.6276422764227643 0.08387096774193549 0.1073170731707317
1743 0.4974910394265233 0.6308943089430894 0.11039426523297491 0.11056910569105691
2005 0.6584229390681003 0.6439024390243903 0.12831541218637993 0.13333333333333333
3303 0.7924731182795699 0.6463414634146342 0.11541218637992831 0.13170731707317074
