3473 0.41083333333333333 0.17375 0.12333333333333334 0.055
3474 0.12125 0.434375 0.06416666666666666 0.03125
1365 0.18791666666666668 0.57 0.05416666666666667 0.03
3475 0.17583333333333334 0.6225 0.023333333333333334 0.03
3476 0.17333333333333334 0.66125 0.03333333333333333 0.0275
6 0.20375 0.283125 0.03916666666666667 0.03375
6 0.33125 0.285 0.07583333333333334 0.035
3477 0.4 0.374375 0.08833333333333333 0.03375
2853 0.5820833333333333 0.335625 0.049166666666666664 0.03125
3478 0.58125 0.37375 0.0475 0.025
3479 0.5329166666666667 0.114375 0.059166666666666666 0.02125
3480 0.5829166666666666 0.11375 0.029166666666666667 0.03
3481 0.53625 0.14 0.07083333333333333 0.0175
584 0.58875 0.138125 0.025833333333333333 0.01875
2165 0.5754166666666667 0.235625 0.0525 0.04125
3482 0.7345833333333334 0.4 0.0575 0.0425
6 0.7254166666666667 0.16625 0.0725 0.0475
3483 0.72375 0.200625 0.09916666666666667 0.05875
3484 0.6841666666666667 0.40375 0.028333333333333332 0.0325
6 0.7204166666666667 0.580625 0.0675 0.02375
1725 0.49416666666666664 0.44625 0.19333333333333333 0.0275
2053 0.52 0.564375 0.10333333333333333 0.06875
3485 0.5225 0.69625 0.13 0.115
6 0.88375 0.185625 0.06916666666666667 0.07125
