1246 0.2920124481327801 0.237 0.22510373443983403 0.15
1818 0.5259336099585062 0.149 0.13485477178423236 0.034
85 0.7276970954356846 0.229 0.16493775933609958 0.162
1873 0.28734439834024894 0.457 0.06639004149377593 0.054
1391 0.2894190871369295 0.539 0.0995850622406639 0.058
35 0.7157676348547718 0.444 0.07468879668049792 0.048
116 0.6773858921161826 0.523 0.03941908713692946 0.07
3449 0.7494813278008299 0.517 0.09024896265560166 0.058
3 0.3947095435684647 0.776 0.09439834024896265 0.108
146 0.5 0.777 0.06431535269709543 0.074
3450 0.6037344398340249 0.723 0.1078838174273859 0.038
