3043 0.3675 0.20666666666666667 0.11 0.08666666666666667
3430 0.51125 0.15666666666666668 0.1375 0.006666666666666667
3431 0.6625 0.20333333333333334 0.115 0.08
3432 0.2775 0.5766666666666667 0.03 0.25333333333333335
3433 0.37125 0.795 0.1425 0.14333333333333334
3434 0.52875 0.8633333333333333 0.1425 0.013333333333333334
3057 0.6425 0.8233333333333334 0.055 0.04
3430 0.71375 0.7183333333333334 0.0675 0.13
648 0.7575 0.545 0.005 0.15666666666666668
3435 0.39625 0.43333333333333335 0.1175 0.03333333333333333
3436 0.49875 0.43166666666666664 0.0725 0.03666666666666667
3437 0.57 0.43 0.07 0.02666666666666667
3438 0.6475 0.43166666666666664 0.085 0.03666666666666667
6 0.515 0.46166666666666667 0.17 0.03
3430 0.3825 0.5333333333333333 0.155 0.04666666666666667
171 0.58625 0.53 0.2375 0.04666666666666667
3439 0.3675 0.6233333333333333 0.06 0.03333333333333333
3430 0.44625 0.625 0.0975 0.03
171 0.56375 0.625 0.1425 0.03
3440 0.66375 0.6266666666666667 0.0525 0.02666666666666667
3439 0.49125 0.655 0.0575 0.03
3441 0.54375 0.6566666666666666 0.0475 0.02666666666666667
6 0.51375 0.59 0.0775 0.02
6 0.51125 0.7133333333333334 0.1625 0.06
6 0.50875 0.7866666666666666 0.2475 0.06666666666666667
