3451 0.3079207920792079 0.3686868686868687 0.33861386138613864 0.005050505050505051
3 0.2871287128712871 0.5265151515151515 0.05148514851485148 0.017676767676767676
1647 0.3405940594059406 0.5277777777777778 0.05148514851485148 0.025252525252525252
3452 0.26831683168316833 0.5808080808080808 0.053465346534653464 0.04040404040404041
3453 0.3435643564356436 0.5757575757575758 0.09702970297029703 0.03535353535353535
3454 0.2306930693069307 0.6477272727272727 0.061386138613861385 0.03282828282828283
3455 0.3089108910891089 0.6401515151515151 0.09900990099009901 0.027777777777777776
1051 0.39504950495049507 0.6376262626262627 0.06534653465346535 0.03787878787878788
3080 0.2297029702970297 0.7159090909090909 0.03564356435643564 0.03282828282828283
102 0.27920792079207923 0.7095959595959596 0.0594059405940594 0.03535353535353535
451 0.3584158415841584 0.702020202020202 0.09900990099009901 0.030303030303030304
3456 0.27821782178217824 0.7765151515151515 0.053465346534653464 0.03282828282828283
3457 0.3326732673267327 0.773989898989899 0.047524752475247525 0.03282828282828283
347 0.3683168316831683 0.7727272727272727 0.027722772277227723 0.03535353535353535
0 0.22871287128712872 0.8560606060606061 0.04554455445544554 0.03535353535353535
3296 0.2811881188118812 0.8497474747474747 0.0594059405940594 0.03787878787878788
60 0.3227722772277228 0.8383838383838383 0.023762376237623763 0.025252525252525252
3451 0.37524752475247525 0.8345959595959596 0.07722772277227723 0.027777777777777776
