3539 0.4 0.26644736842105265 0.105 0.02725563909774436
3540 0.5225 0.3101503759398496 0.0775 0.08270676691729323
6 0.4640625 0.45112781954887216 0.416875 0.24436090225563908
3541 0.3565625 0.5554511278195489 0.006875 0.043233082706766915
3542 0.398125 0.5841165413533834 0.04125 0.047932330827067667
3543 0.4503125 0.6212406015037594 0.048125 0.016917293233082706
528 0.50125 0.631109022556391 0.0375 0.002819548872180451
784 0.5440625 0.6024436090225563 0.043125 0.045112781954887216
6 0.1859375 0.7739661654135338 0.038125 0.21522556390977443
6 0.6071875 0.7908834586466166 0.178125 0.1231203007518797
6 0.520625 0.19266917293233082 0.18625 0.15225563909774437
