328 0.6571627260083449 0.344921875 0.06258692628650904 0.00703125
329 0.7260083449235049 0.3171875 0.10848400556328233 0.003125
330 0.8317107093184979 0.361328125 0.06954102920723226 0.07109375
331 0.7246175243393602 0.45703125 0.06954102920723226 0.0328125
332 0.7962447844228094 0.46953125 0.05146036161335188 0.009375
5198 0.11265646731571627 0.509765625 0.21696801112656466 0.04453125
569 0.30737134909596664 0.52890625 0.13630041724617525 0.0375
6 0.8831710709318498 0.496484375 0.03337969401947149 0.08828125
6 0.4534075104311544 0.53984375 0.12517385257301808 0.0296875
6 0.7524339360222532 0.289453125 0.11126564673157163 0.04296875
