2739 0.31625 0.178125 0.1725 0.01625
774 0.49083333333333334 0.171875 0.12333333333333334 0.00375
5099 0.465 0.25125 0.5616666666666666 0.0525
5100 0.48333333333333334 0.319375 0.6783333333333333 0.06125
695 0.11416666666666667 0.461875 0.07666666666666666 0.04375
5101 0.22 0.469375 0.105 0.03125
5102 0.65125 0.541875 0.4475 0.04375
5103 0.6591666666666667 0.6196875 0.37666666666666665 0.048125
4742 0.3425 0.713125 0.10666666666666667 0.03625
4743 0.5166666666666667 0.705 0.14166666666666666 0.0325
5104 0.72 0.7 0.19833333333333333 0.025
1322 0.30916666666666665 0.75125 0.14333333333333334 0.03
117 0.56375 0.73125 0.14916666666666667 0.005
49 0.76875 0.74375 0.19916666666666666 0.03
