6 0.3402267156862745 0.024114930733709596 0.21599264705882354 0.01539250897896357
3633 0.16007965686274508 0.18573627501282708 0.07996323529411764 0.1477680861980503
1754 0.2032781862745098 0.22267829656233967 0.05606617647058824 0.08927655207798871
1756 0.28370098039215685 0.16187788609543355 0.06985294117647059 0.01693175987685993
3637 0.2037377450980392 0.3943047716777835 0.10110294117647059 0.10928681375064135
1756 0.3710171568627451 0.2773217034376603 0.007352941176470588 0.17085684966649564
580 0.23820465686274508 0.35967162647511547 0.04503676470588235 0.043099025141098
3634 0.2855392156862745 0.3742945100051308 0.03308823529411765 0.020010261672652643
3635 0.32827818627450983 0.3134940995382247 0.02297794117647059 0.07080554130323242
1177 0.23912377450980393 0.4089276552077989 0.04503676470588235 0.01539250897896357
1754 0.2887561274509804 0.4043099025141098 0.03952205882352941 0.021549512570549
3636 0.33609068627450983 0.3581323755772191 0.03125 0.05233453052847614
6 0.7372855392156863 0.007952796305797845 0.23621323529411764 0.0107747562852745
5128 0.7092524509803921 0.10415597742432016 0.011029411764705883 0.11082606464853771
3637 0.7106311274509803 0.2534633145202668 0.02849264705882353 0.10774756285274499
1756 0.8903186274509803 0.2711646998460749 0.058823529411764705 0.1216008209338122
1754 0.7189031862745098 0.16264751154438173 0.024816176470588234 0.05233453052847614
5129 0.772671568627451 0.1064648537711647 0.05698529411764706 0.029245767060030785
5130 0.8365502450980392 0.10261672652642381 0.050551470588235295 0.018471010774756286
3484 0.8962928921568627 0.19728065674704978 0.017463235294117647 0.044638276038994354
