3364 0.3092532467532468 0.20019157088122605 0.1314935064935065 0.0210727969348659
953 0.4724025974025974 0.19348659003831417 0.17532467532467533 0.01532567049808429
5200 0.39935064935064934 0.24521072796934865 0.21103896103896103 0.01532567049808429
5201 0.375 0.39655172413793105 0.1266233766233766 0.02681992337164751
3364 0.17207792207792208 0.5948275862068966 0.2662337662337662 0.05172413793103448
953 0.5267857142857143 0.564176245210728 0.30357142857142855 0.013409961685823755
1831 0.23214285714285715 0.6992337164750958 0.14935064935064934 0.03065134099616858
953 0.42613636363636365 0.6934865900383141 0.16396103896103897 0.03065134099616858
954 0.5933441558441559 0.6934865900383141 0.15746753246753248 0.03065134099616858
6 0.8887987012987013 0.7519157088122606 0.08603896103896104 0.0210727969348659
6 0.7191558441558441 0.3793103448275862 0.06168831168831169 0.01532567049808429
