5211 0.10664682539682539 0.3941798941798942 0.07242063492063493 0.0582010582010582
5212 0.23214285714285715 0.5044091710758377 0.0992063492063492 0.03880070546737213
570 0.32936507936507936 0.5097001763668431 0.08333333333333333 0.02821869488536155
528 0.39384920634920634 0.5114638447971781 0.041666666666666664 0.03527336860670194
6 0.3060515873015873 0.5432098765432098 0.06845238095238096 0.03527336860670194
5212 0.47668650793650796 0.2054673721340388 0.14583333333333334 0.001763668430335097
528 0.5183531746031746 0.3333333333333333 0.06448412698412699 0.042328042328042326
6 0.5128968253968254 0.544973544973545 0.17261904761904762 0.0564373897707231
5212 0.6329365079365079 0.5123456790123457 0.05555555555555555 0.029982363315696647
1667 0.6750992063492064 0.5149911816578483 0.03273809523809524 0.01763668430335097
528 0.7038690476190477 0.5158730158730159 0.028769841269841268 0.02292768959435626
6 0.6631944444444444 0.5405643738977073 0.0625 0.02292768959435626
1672 0.8616071428571429 0.30158730158730157 0.040674603174603176 0.03880070546737213
1670 0.9012896825396826 0.30952380952380953 0.040674603174603176 0.037037037037037035
5213 0.9340277777777778 0.3765432098765432 0.1359126984126984 0.10405643738977072
6 0.9652777777777778 0.4567901234567901 0.02976190476190476 0.04585537918871252
6 0.8635912698412699 0.5070546737213404 0.034722222222222224 0.1111111111111111
6 0.941468253968254 0.5246913580246914 0.10119047619047619 0.04056437389770723
