5036 0.1295 0.16570188133140376 0.071 0.04486251808972504
1736 0.3765 0.06295224312590449 0.093 0.03907380607814761
1417 0.4805 0.03907380607814761 0.067 0.0
1341 0.572 0.06150506512301013 0.098 0.0361794500723589
4692 0.3245 0.14616497829232997 0.101 0.07525325615050651
5037 0.538 0.14616497829232997 0.292 0.0694645441389291
5038 0.415 0.19319826338639653 0.124 0.004341534008683068
5039 0.52 0.1939218523878437 0.074 0.008683068017366137
5036 0.833 0.1287988422575977 0.112 0.03762662807525326
6 0.7975 0.22865412445730826 0.159 0.03473227206946455
6 0.799 0.4768451519536903 0.046 0.10564399421128799
6 0.9035 0.9450072358900145 0.169 0.04630969609261939
6 0.1295 0.658465991316932 0.049 0.060781476121562955
