5051 0.10404624277456648 0.208984375 0.2023121387283237 0.05078125
5052 0.06840077071290944 0.29296875 0.1329479768786127 0.05
5053 0.09393063583815028 0.379296875 0.1724470134874759 0.02109375
5054 0.3983622350674374 0.079296875 0.09730250481695568 0.01015625
5054 0.48603082851637763 0.18671875 0.3651252408477842 0.025
88 0.3848747591522158 0.312890625 0.0838150289017341 0.00234375
5055 0.4975915221579961 0.309375 0.04720616570327553 0.0046875
723 0.5443159922928709 0.302734375 0.04816955684007707 0.01171875
5056 0.5963391136801541 0.294921875 0.036608863198458574 0.01328125
5057 0.691233140655106 0.283984375 0.10500963391136801 0.00234375
254 0.3285163776493256 0.34765625 0.06358381502890173 0.0203125
5058 0.3930635838150289 0.34921875 0.06551059730250482 0.0203125
5059 0.37090558766859344 0.369140625 0.1348747591522158 0.02265625
5060 0.48314065510597304 0.370703125 0.08574181117533719 0.02109375
5061 0.3646435452793834 0.394921875 0.128131021194605 0.01953125
5060 0.4735067437379576 0.39375 0.07803468208092486 0.021875
1790 0.7764932562620424 0.32890625 0.030828516377649325 0.0265625
4335 0.1329479768786127 0.605859375 0.04431599229287091 0.01328125
36 0.16859344894026976 0.6078125 0.02697495183044316 0.0140625
5062 0.14836223506743737 0.621484375 0.06936416184971098 0.01171875
209 0.03901734104046243 0.75546875 0.031791907514450865 0.021875
3339 0.07947976878612717 0.758984375 0.03371868978805395 0.01796875
3132 0.15269749518304432 0.79375 0.07032755298651253 0.0140625
5063 0.9277456647398844 0.184765625 0.14065510597302505 0.05234375
1566 0.9682080924855492 0.350390625 0.06551059730250482 0.07890625
910 0.9325626204238922 0.540625 0.1252408477842004 0.046875
714 0.9123314065510597 0.587109375 0.12138728323699421 0.04609375
5064 0.9051059730250481 0.617578125 0.09344894026974952 0.02265625
5065 0.9754335260115607 0.62109375 0.041425818882466284 0.021875
142 0.8795761078998073 0.636328125 0.04238921001926782 0.02265625
5066 0.9508670520231214 0.635546875 0.08863198458574181 0.01640625
262 0.3015414258188825 0.848828125 0.2543352601156069 0.08984375
5067 0.3535645472061657 0.8984375 0.3352601156069364 0.0421875
1322 0.1498073217726397 0.933203125 0.06069364161849711 0.00546875
5068 0.14836223506743737 0.945703125 0.07514450867052024 0.00703125
3132 0.7798651252408478 0.881640625 0.0953757225433526 0.02734375
5069 0.8203275529865125 0.9515625 0.33815028901734107 0.0890625
6 0.6921965317919075 0.788671875 0.09730250481695568 0.01171875
5070 0.6825626204238922 0.802734375 0.0838150289017341 0.01328125
34 0.6507707129094412 0.8171875 0.03757225433526012 0.0140625
5071 0.7052023121387283 0.816015625 0.05973025048169557 0.01953125
1393 0.848747591522158 0.80390625 0.08863198458574181 0.0203125
6 0.9344894026974951 0.790625 0.036608863198458574 0.0171875
6 0.34585741811175336 0.633203125 0.07514450867052024 0.01640625
6 0.4619460500963391 0.635546875 0.05491329479768786 0.01171875
6 0.5741811175337187 0.6328125 0.08285163776493257 0.0109375
5072 0.35260115606936415 0.4203125 0.05394990366088632 0.0171875
3219 0.6054913294797688 0.7640625 0.03757225433526012 0.0140625
539 0.7827552986512524 0.608203125 0.049132947976878616 0.01328125
608 0.5394990366088632 0.762109375 0.030828516377649325 0.02109375
2365 0.6473988439306358 0.7625 0.030828516377649325 0.021875
