5194 0.6182291666666667 0.20390625 0.146875 0.0125
5172 0.5963541666666666 0.18046875 0.040625 0.0265625
6 0.6114583333333333 0.226953125 0.03333333333333333 0.00703125
5195 0.6348958333333333 0.336328125 0.13020833333333334 0.01015625
68 0.6473958333333333 0.34921875 0.057291666666666664 0.0125
5196 0.8526041666666667 0.234765625 0.053125 0.07265625
377 0.9020833333333333 0.448828125 0.08333333333333333 0.01015625
118 0.9598958333333333 0.444140625 0.023958333333333335 0.01015625
2637 0.7041666666666667 0.516015625 0.04375 0.01171875
6 0.9265625 0.506640625 0.146875 0.10078125
