6 0.04202586206896552 0.15948275862068967 0.07112068965517242 0.2959770114942529
3582 0.02586206896551724 0.6192528735632183 0.03017241379310345 0.05459770114942529
6 0.3232758620689655 0.1839080459770115 0.21551724137931033 0.08045977011494253
5091 0.23275862068965517 0.20977011494252873 0.09051724137931035 0.05172413793103448
5092 0.33836206896551724 0.22844827586206898 0.09051724137931035 0.05459770114942529
2 0.4364224137931034 0.2471264367816092 0.07543103448275862 0.040229885057471264
653 0.6497844827586207 0.16091954022988506 0.05818965517241379 0.017241379310344827
5093 0.6163793103448276 0.27873563218390807 0.1336206896551724 0.06896551724137931
816 0.7230603448275862 0.3017241379310345 0.09267241379310345 0.06896551724137931
6 0.6821120689655172 0.33189655172413796 0.08836206896551724 0.031609195402298854
5094 0.3232758620689655 0.3505747126436782 0.3232758620689655 0.12643678160919541
5095 0.22952586206896552 0.40948275862068967 0.16594827586206898 0.08333333333333333
5096 0.20150862068965517 0.45977011494252873 0.1271551724137931 0.0
5093 0.6443965517241379 0.4051724137931034 0.09482758620689655 0.06896551724137931
816 0.7629310344827587 0.4281609195402299 0.09482758620689655 0.08045977011494253
6 0.7122844827586207 0.5186781609195402 0.2607758620689655 0.10632183908045977
577 0.6584051724137931 0.603448275862069 0.010775862068965518 0.06896551724137931
5044 0.7122844827586207 0.6537356321839081 0.04525862068965517 0.0603448275862069
750 0.7672413793103449 0.6077586206896551 0.0603448275862069 0.07183908045977011
6 0.7672413793103449 0.7772988505747126 0.2801724137931034 0.05459770114942529
5097 0.7058189655172413 0.8448275862068966 0.10560344827586207 0.034482758620689655
5098 0.8081896551724138 0.8433908045977011 0.0603448275862069 0.031609195402298854
4214 0.8739224137931034 0.8390804597701149 0.040948275862068964 0.04597701149425287
6 0.44612068965517243 0.4813218390804598 0.10775862068965517 0.14080459770114942
6 0.3275862068965517 0.6350574712643678 0.33189655172413796 0.12643678160919541
6 0.1788793103448276 0.8002873563218391 0.10344827586206896 0.020114942528735632
6 0.3857758620689655 0.7873563218390804 0.21120689655172414 0.040229885057471264
