451 0.41284013605442177 0.30341463414634146 0.5280612244897959 0.11121951219512195
3627 0.8256802721088435 0.33219512195121953 0.2465986394557823 0.10048780487804879
890 0.7049319727891157 0.41121951219512193 0.22448979591836735 0.05951219512195122
451 0.2423469387755102 0.4375609756097561 0.030612244897959183 0.11804878048780487
3628 0.3052721088435374 0.4697560975609756 0.08333333333333333 0.041951219512195125
3627 0.30654761904761907 0.5287804878048781 0.12159863945578231 0.02926829268292683
2977 0.5306122448979592 0.48 0.08163265306122448 0.06829268292682927
2460 0.6343537414965986 0.4770731707317073 0.0935374149659864 0.054634146341463415
1563 0.7950680272108843 0.4790243902439024 0.1870748299319728 0.05268292682926829
3296 0.7270408163265306 0.5414634146341464 0.20408163265306123 0.05658536585365854
