492 0.45859375 0.34352941176470586 0.1015625 0.06588235294117648
248 0.5453125 0.3411764705882353 0.040625 0.0611764705882353
0 0.38515625 0.46588235294117647 0.0703125 0.023529411764705882
933 0.4953125 0.4470588235294118 0.134375 0.02823529411764706
109 0.6046875 0.4329411764705882 0.071875 0.03294117647058824
3713 0.46171875 0.5294117647058824 0.0984375 0.023529411764705882
3714 0.54296875 0.5152941176470588 0.0640625 0.047058823529411764
0 0.3640625 0.7329411764705882 0.090625 0.04470588235294118
933 0.484375 0.7176470588235294 0.134375 0.03294117647058824
109 0.6109375 0.7011764705882353 0.096875 0.05647058823529412
1875 0.67421875 0.691764705882353 0.0296875 0.0611764705882353
