6 0.5144329896907216 0.09340659340659341 0.6824742268041237 0.005494505494505495
5300 0.3597938144329897 0.2651098901098901 0.08453608247422681 0.0521978021978022
6 0.5731958762886598 0.2664835164835165 0.32577319587628867 0.06043956043956044
5301 0.3958762886597938 0.38324175824175827 0.08247422680412371 0.06318681318681318
5302 0.47216494845360824 0.385989010989011 0.061855670103092786 0.06868131868131869
6 0.43195876288659796 0.4175824175824176 0.04742268041237113 0.03296703296703297
5303 0.4329896907216495 0.4519230769230769 0.10309278350515463 0.03571428571428571
6 0.3917525773195876 0.5604395604395604 0.09072164948453608 0.03296703296703297
6 0.6670103092783505 0.5975274725274725 0.12989690721649486 0.03571428571428571
6 0.8927835051546392 0.7788461538461539 0.21443298969072164 0.013736263736263736
