409 0.08671875 0.2857142857142857 0.0234375 0.12857142857142856
2999 0.125 0.18333333333333332 0.05 0.04285714285714286
3733 0.17734375 0.18333333333333332 0.0484375 0.0380952380952381
3734 0.22421875 0.29642857142857143 0.0296875 0.16428571428571428
1909 0.1609375 0.65 0.084375 0.0761904761904762
3733 0.16015625 0.7571428571428571 0.1484375 0.06666666666666667
3734 0.15546875 0.8642857142857143 0.2359375 0.05238095238095238
344 0.32265625 0.30357142857142855 0.0390625 0.1595238095238095
3735 0.38046875 0.2392857142857143 0.0734375 0.05
3736 0.42734375 0.35119047619047616 0.0171875 0.14047619047619048
409 0.33828125 0.45595238095238094 0.0234375 0.06904761904761905
2999 0.365625 0.49642857142857144 0.028125 0.011904761904761904
3000 0.403125 0.46785714285714286 0.025 0.05952380952380952
6 0.51640625 0.319047619047619 0.0671875 0.12380952380952381
6 0.52421875 0.4797619047619048 0.0609375 0.05952380952380952
344 0.365625 0.6464285714285715 0.178125 0.06904761904761905
3735 0.36796875 0.7476190476190476 0.1703125 0.05714285714285714
3736 0.37265625 0.8416666666666667 0.1390625 0.04523809523809524
876 0.5359375 0.6535714285714286 0.140625 0.05952380952380952
3735 0.5359375 0.7345238095238096 0.134375 0.05
1446 0.53671875 0.8214285714285714 0.1171875 0.04285714285714286
