3459 0.24233983286908078 0.6104166666666667 0.0947075208913649 0.07083333333333333
5432 0.403899721448468 0.54375 0.1894150417827298 0.03333333333333333
365 0.5083565459610028 0.7229166666666667 0.12534818941504178 0.020833333333333332
2943 0.6629526462395543 0.9145833333333333 0.0947075208913649 0.05
34 0.7632311977715878 0.88125 0.07799442896935933 0.0
4167 0.7883008356545961 0.8041666666666667 0.027855153203342618 0.058333333333333334
4448 0.9108635097493036 0.19791666666666666 0.15041782729805014 0.041666666666666664
3138 0.9192200557103064 0.2708333333333333 0.15598885793871867 0.025
248 0.3064066852367688 0.2635416666666667 0.06128133704735376 0.03958333333333333
559 0.2799442896935933 0.36875 0.036211699164345405 0.03333333333333333
1566 0.31754874651810583 0.075 0.05013927576601671 0.041666666666666664
