5264 0.23819444444444443 0.12578125 0.2847222222222222 0.03125
5265 0.5944444444444444 0.35625 0.4 0.00625
5266 0.6729166666666667 0.408984375 0.26805555555555555 0.03203125
5267 0.45416666666666666 0.454296875 0.06111111111111111 0.07578125
6 0.2659722222222222 0.409375 0.08194444444444444 0.0484375
2022 0.31875 0.362109375 0.05694444444444444 0.01953125
5268 0.36180555555555555 0.325 0.07083333333333333 0.0234375
290 0.44305555555555554 0.491796875 0.19722222222222222 0.05078125
181 0.6451388888888889 0.510546875 0.16527777777777777 0.00078125
2460 0.7951388888888888 0.505859375 0.12638888888888888 0.00546875
1948 0.5756944444444444 0.467578125 0.06527777777777778 0.01640625
5269 0.6388888888888888 0.463671875 0.06388888888888888 0.00703125
2016 0.22777777777777777 0.479296875 0.008333333333333333 0.04453125
6 0.2534722222222222 0.50078125 0.001388888888888889 0.0296875
5270 0.29791666666666666 0.525 0.04027777777777778 0.0375
2066 0.4013888888888889 0.551953125 0.125 0.02578125
577 0.49236111111111114 0.576953125 0.04027777777777778 0.01640625
2629 0.5381944444444444 0.583984375 0.043055555555555555 0.01640625
5271 0.625 0.571484375 0.125 0.00390625
5272 0.7743055555555556 0.551953125 0.15138888888888888 0.03515625
5273 0.9194444444444444 0.505859375 0.05277777777777778 0.00078125
2336 0.9444444444444444 0.48671875 0.04722222222222222 0.0109375
