6 0.51953125 0.04903314917127072 0.2265625 0.08425414364640885
961 0.446484375 0.05870165745856354 0.02890625 0.029005524861878452
939 0.480078125 0.06767955801104972 0.03046875 0.027624309392265192
43 0.522265625 0.08080110497237569 0.04140625 0.034530386740331494
1667 0.56171875 0.08839779005524862 0.025 0.03038674033149171
784 0.597265625 0.09530386740331492 0.03671875 0.03314917127071823
6 0.518359375 0.27348066298342544 0.12890625 0.055248618784530384
5283 0.487109375 0.29972375690607733 0.03828125 0.024861878453038673
5284 0.512890625 0.30386740331491713 0.01796875 0.019337016574585635
309 0.536328125 0.30455801104972374 0.02890625 0.020718232044198894
2 0.560546875 0.31215469613259667 0.02578125 0.024861878453038673
6 0.529296875 0.39571823204419887 0.04609375 0.009668508287292817
748 0.509765625 0.47306629834254144 0.02421875 0.023480662983425413
6 0.5296875 0.4965469613259669 0.015625 0.026243093922651933
5285 0.550390625 0.4723756906077348 0.02890625 0.027624309392265192
6 0.51015625 0.5904696132596685 0.0625 0.05386740331491713
5286 0.565625 0.5821823204419889 0.0515625 0.020718232044198894
5287 0.6109375 0.5814917127071824 0.0359375 0.027624309392265192
1748 0.29375 0.32251381215469616 0.0515625 0.05662983425414365
1749 0.365625 0.3356353591160221 0.06875 0.07734806629834254
2063 0.314453125 0.343232044198895 0.05390625 0.03729281767955801
5104 0.28203125 0.39157458563535913 0.046875 0.026243093922651933
298 0.383984375 0.393646408839779 0.03828125 0.022099447513812154
6 0.2765625 0.43853591160220995 0.0359375 0.07320441988950276
6 0.3859375 0.4447513812154696 0.0359375 0.06906077348066299
1736 0.3375 0.4861878453038674 0.084375 0.0
923 0.3734375 0.6187845303867403 0.0203125 0.016574585635359115
5288 0.366015625 0.6346685082872928 0.03671875 0.023480662983425413
6 0.369140625 0.6353591160220995 0.07109375 0.008287292817679558
6 0.311328125 0.7472375690607734 0.03984375 0.022099447513812154
6 0.101953125 0.6512430939226519 0.11796875 0.04834254143646409
673 0.071875 0.6878453038674033 0.05 0.016574585635359115
5289 0.109375 0.68646408839779 0.025 0.013812154696132596
5290 0.132421875 0.6837016574585635 0.02109375 0.019337016574585635
5291 0.134375 0.3708563535911602 0.0578125 0.031767955801104975
6 0.14609375 0.48273480662983426 0.059375 0.05939226519337017
5292 0.820703125 0.662292817679558 0.06171875 0.03729281767955801
0 0.896484375 0.7085635359116023 0.08671875 0.03591160220994475
268 0.96953125 0.6954419889502762 0.05625 0.04281767955801105
79 0.89921875 0.755524861878453 0.096875 0.008287292817679558
0 0.965625 0.7451657458563536 0.0359375 0.026243093922651933
246 0.990625 0.75 0.01875 0.022099447513812154
5293 0.979296875 0.8494475138121547 0.03671875 0.03867403314917127
