5405 0.39140625 0.365625 0.071875 0.0
5406 0.494140625 0.3333333333333333 0.11015625 0.029166666666666667
5185 0.6578125 0.3171875 0.178125 0.015625
5407 0.9125 0.365625 0.0796875 0.0875
1208 0.489453125 0.5067708333333333 0.04453125 0.051041666666666666
5186 0.5828125 0.5015625 0.1171875 0.046875
5408 0.78984375 0.49635416666666665 0.21875 0.053125
5409 0.8015625 0.5369791666666667 0.190625 0.009375
5410 0.580078125 0.5583333333333333 0.08359375 0.052083333333333336
0 0.49453125 0.553125 0.0359375 0.00625
0 0.788671875 0.7458333333333333 0.02734375 0.04583333333333333
3617 0.896875 0.7192708333333333 0.0515625 0.030208333333333334
5411 0.931640625 0.759375 0.06640625 0.01875
220 0.582421875 0.8182291666666667 0.03828125 0.046875
5412 0.791015625 0.7833333333333333 0.05234375 0.008333333333333333
