5392 0.027936145952109463 0.232421875 0.02394526795895097 0.02265625
1885 0.35461801596351195 0.251171875 0.027366020524515394 0.01953125
5392 0.387115165336374 0.25234375 0.03078677309007982 0.0203125
608 0.3033067274800456 0.247265625 0.027366020524515394 0.01640625
5393 0.052451539338654506 0.273046875 0.07069555302166476 0.01171875
3139 0.027366020524515394 0.309375 0.04104903078677309 0.028125
5394 0.05758266818700114 0.3390625 0.10832383124287344 0.05
5395 0.05473204104903079 0.37265625 0.09806157354618016 0.003125
5396 0.21835803876852908 0.269140625 0.07867730900798175 0.02734375
4315 0.3295324971493729 0.29921875 0.13683010262257697 0.0375
5064 0.4640820980615735 0.3125 0.08437856328392246 0.0203125
5393 0.5433295324971493 0.323046875 0.07183580387685291 0.02265625
153 0.5091220068415051 0.30546875 0.05815279361459521 0.0203125
217 0.56442417331813 0.3078125 0.05473204104903079 0.015625
5397 0.3597491448118586 0.41875 0.1379703534777651 0.015625
5398 0.5347776510832383 0.39765625 0.21664766248574688 0.028125
262 0.4982896237172178 0.45390625 0.07069555302166476 0.025
5399 0.411060433295325 0.4578125 0.11288483466362599 0.0046875
631 0.4965792474344356 0.46953125 0.06043329532497149 0.0234375
5400 0.7320410490307868 0.411328125 0.11858608893956671 0.01328125
5401 0.7480045610034207 0.369921875 0.10946408209806158 0.03984375
6 0.033637400228050174 0.5375 0.046750285062713795 0.0171875
6 0.0330672748004561 0.5515625 0.04789053591790194 0.0109375
6 0.2434435575826682 0.5359375 0.06043329532497149 0.0328125
5402 0.3204104903078677 0.579296875 0.07525655644241733 0.01171875
6 0.3289623717217788 0.601171875 0.09920182440136831 0.02734375
1313 0.7001140250855188 0.66328125 0.07981755986316989 0.025
4742 0.7006841505131128 0.68359375 0.08779931584948689 0.021875
5403 0.7907639680729761 0.680859375 0.07183580387685291 0.02109375
2589 0.87115165336374 0.690625 0.07753705815279362 0.025
4901 0.7109464082098061 0.713671875 0.046750285062713795 0.02109375
608 0.7069555302166477 0.73203125 0.04561003420752566 0.025
5331 0.8050171037628279 0.72890625 0.12314709236031927 0.0640625
1899 0.2451539338654504 0.383203125 0.05701254275940707 0.02734375
5404 0.7303306727480046 0.46640625 0.09464082098061574 0.0328125
594 0.11972633979475485 0.682421875 0.02280501710376283 0.01796875
407 0.14538198403648803 0.685546875 0.026225769669327253 0.01640625
594 0.38198403648802737 0.712890625 0.020524515393386546 0.01796875
407 0.4087799315849487 0.71171875 0.028506271379703536 0.0203125
