4742 0.3486666666666667 0.2215 0.10266666666666667 0.069
60 0.46066666666666667 0.1965 0.09466666666666666 0.039
5216 0.6253333333333333 0.2115 0.224 0.111
2027 0.43466666666666665 0.46 0.10933333333333334 0.042
399 0.568 0.464 0.136 0.032
5217 0.4226666666666667 0.6095 0.22933333333333333 0.053
1008 0.6386666666666667 0.6155 0.17333333333333334 0.053
36 0.3313333333333333 0.6455 0.044 0.029
5218 0.392 0.643 0.072 0.03
363 0.49466666666666664 0.6465 0.12266666666666666 0.033
5219 0.6313333333333333 0.651 0.164 0.036
6 0.5086666666666667 0.6855 0.39866666666666667 0.045
