344 0.5142857142857142 0.23477157360406092 0.3 0.11421319796954314
3735 0.5092857142857142 0.383248730964467 0.2557142857142857 0.14213197969543148
3736 0.52 0.5253807106598984 0.21714285714285714 0.15228426395939088
344 0.7 0.3236040609137056 0.022857142857142857 0.14974619289340102
3735 0.78 0.19923857868020303 0.06 0.012690355329949238
3736 0.875 0.31725888324873097 0.02142857142857143 0.116751269035533
409 0.7292857142857143 0.4517766497461929 0.03 0.06598984771573604
2999 0.7678571428571429 0.501269035532995 0.03857142857142857 0.012690355329949238
34 0.8042857142857143 0.5215736040609137 0.017142857142857144 0.03807106598984772
3000 0.8385714285714285 0.4619289340101523 0.037142857142857144 0.06598984771573604
6 0.9292857142857143 0.983502538071066 0.13 0.02284263959390863
