377 0.168125 0.44083333333333335 0.17875 0.125
118 0.2940625 0.38708333333333333 0.058125 0.0275
1009 0.3740625 0.345 0.098125 0.015
35 0.473125 0.35833333333333334 0.07125 0.04833333333333333
1975 0.5609375 0.3491666666666667 0.076875 0.023333333333333334
3745 0.6978125 0.40458333333333335 0.179375 0.10083333333333333
2396 0.839375 0.50875 0.08625 0.0875
1876 0.411875 0.7595833333333334 0.01875 0.0275
0 0.9390625 0.9070833333333334 0.040625 0.0325
3746 0.978125 0.9566666666666667 0.025 0.06
168 0.975 0.9866666666666667 0.02125 0.02666666666666667
577 0.9525 0.9733333333333334 0.01375 0.023333333333333334
