4036 0.36328125 0.3078125 0.078125 0.034375
5414 0.481640625 0.2953125 0.08046875 0.003125
5415 0.394921875 0.403125 0.12734375 0.03125
5416 0.399609375 0.4375 0.12109375 0.03125
120 0.479296875 0.4239583333333333 0.02734375 0.0020833333333333333
5417 0.523046875 0.42291666666666666 0.04921875 0.03125
1693 0.5671875 0.42552083333333335 0.03125 0.023958333333333335
5418 0.366796875 0.4947916666666667 0.09765625 0.03125
723 0.36171875 0.5953125 0.0515625 0.034375
5416 0.355078125 0.628125 0.02890625 0.03125
1260 0.33125 0.534375 0.0234375 0.00625
220 0.437890625 0.49895833333333334 0.01171875 0.03333333333333333
5419 0.37109375 0.5296875 0.01875 0.009375
1260 0.38515625 0.5359375 0.0 0.034375
730 0.405078125 0.5359375 0.02109375 0.015625
