2020 0.298 0.31466666666666665 0.256 0.13333333333333333
1727 0.737 0.296 0.306 0.064
4179 0.536 0.4493333333333333 0.364 0.14666666666666667
4181 0.77 0.5853333333333334 0.212 0.104
966 0.288 0.7 0.112 0.06133333333333333
2898 0.421 0.7 0.094 0.06133333333333333
4182 0.606 0.692 0.216 0.050666666666666665
1522 0.281 0.7666666666666667 0.062 0.06666666666666667
5374 0.45 0.7693333333333333 0.232 0.056
4185 0.617 0.764 0.078 0.06133333333333333
4186 0.707 0.7573333333333333 0.078 0.06933333333333333
