1181 0.276953125 0.346875 0.06796875 0.0
1251 0.2125 0.346875 0.0484375 0.0
146 0.219921875 0.44166666666666665 0.03359375 0.0
584 0.3296875 0.34791666666666665 0.0296875 0.0
3929 0.26875 0.4041666666666667 0.221875 0.008333333333333333
147 0.262890625 0.4546875 0.03203125 0.026041666666666668
36 0.295703125 0.453125 0.01484375 0.029166666666666667
22 0.32890625 0.45 0.034375 0.022916666666666665
3930 0.27734375 0.4973958333333333 0.1453125 0.013541666666666667
3931 0.242578125 0.7104166666666667 0.12421875 0.0
2 0.351953125 0.7140625 0.06640625 0.007291666666666667
40 0.535546875 0.3723958333333333 0.07734375 0.019791666666666666
34 0.59765625 0.35833333333333334 0.03125 0.03958333333333333
0 0.646484375 0.3645833333333333 0.03828125 0.052083333333333336
6 0.553515625 0.45260416666666664 0.04296875 0.07604166666666666
378 0.54375 0.55625 0.0703125 0.03333333333333333
2921 0.626171875 0.5453125 0.07578125 0.021875
3932 0.54140625 0.5895833333333333 0.065625 0.01875
2767 0.620703125 0.5770833333333333 0.08203125 0.01875
3933 0.559375 0.6739583333333333 0.0734375 0.01875
1453 0.625 0.6614583333333334 0.0421875 0.01875
0 0.78046875 0.3671875 0.0453125 0.009375
3934 0.865234375 0.3463541666666667 0.11328125 0.040625
3935 0.79296875 0.5536458333333333 0.04375 0.03229166666666667
901 0.859765625 0.5447916666666667 0.07578125 0.027083333333333334
3936 0.8328125 0.6192708333333333 0.0546875 0.005208333333333333
