5440 0.23194444444444445 0.9453125 0.23055555555555557 0.0
1697 0.21319444444444444 0.66875 0.2125 0.0
5441 0.7159722222222222 0.9515625 0.19305555555555556 0.0
1957 0.5972222222222222 0.84140625 0.1388888888888889 0.0
399 0.7409722222222223 0.73125 0.1736111111111111 0.0
96 0.7111111111111111 0.684375 0.17777777777777778 0.0
5442 0.3326388888888889 0.721875 0.20694444444444443 0.0
1957 0.5340277777777778 0.9515625 0.1597222222222222 0.0
723 0.6326388888888889 0.91875 0.1597222222222222 0.0
35 0.5486111111111112 0.68203125 0.11666666666666667 0.0
1697 0.22708333333333333 0.91171875 0.2013888888888889 0.0
2919 0.40555555555555556 0.68359375 0.13055555555555556 0.0
5443 0.11875 0.76015625 0.11805555555555555 0.0
5441 0.7645833333333333 0.84140625 0.17083333333333334 0.0
399 0.7340277777777777 0.77578125 0.1736111111111111 0.0
399 0.13333333333333333 0.7171875 0.15 0.0
1130 0.07361111111111111 0.828125 0.08055555555555556 0.0
335 0.31805555555555554 0.83828125 0.09722222222222222 0.0
399 0.2652777777777778 0.7671875 0.15833333333333333 0.0
35 0.42569444444444443 0.77109375 0.1125 0.0
3302 0.5895833333333333 0.72578125 0.10972222222222222 0.0
118 0.4847222222222222 0.72578125 0.06666666666666667 0.0
1506 0.5659722222222222 0.7703125 0.13194444444444445 0.0
5444 0.12361111111111112 0.0734375 0.08055555555555556 0.0328125
5445 0.2659722222222222 0.070703125 0.1763888888888889 0.01640625
5446 0.7416666666666667 0.051171875 0.3527777777777778 0.01328125
6 0.9159722222222222 0.014453125 0.1375 0.01328125
1697 0.4625 0.3578125 0.7805555555555556 0.05
3308 0.4756944444444444 0.465625 0.8791666666666667 0.04375
573 0.15902777777777777 0.85234375 0.04861111111111111 0.03125
118 0.22569444444444445 0.85078125 0.05138888888888889 0.028125
723 0.45069444444444445 0.85390625 0.14027777777777778 0.03125
5447 0.6736111111111112 0.1265625 0.058333333333333334 0.0203125
1009 0.8277777777777777 0.13828125 0.18333333333333332 0.0375
