3803 0.240625 0.4453125 0.20625 0.2328125
6 0.16197916666666667 0.591796875 0.084375 0.02890625
3804 0.2947916666666667 0.706640625 0.2125 0.15546875
3805 0.5901041666666667 0.7296875 0.359375 0.121875
3806 0.5640625 0.643359375 0.278125 0.13203125
3807 0.8135416666666667 0.590625 0.06875 0.1046875
6 0.859375 0.50625 0.09375 0.0625
3808 0.7854166666666667 0.380859375 0.20625 0.16328125
335 0.4708333333333333 0.525 0.016666666666666666 0.0125
373 0.5223958333333333 0.486328125 0.019791666666666666 0.01015625
