4004 0.411328125 0.6604166666666667 0.14765625 0.0
6 0.447265625 0.715625 0.03671875 0.0
4005 0.271484375 0.15833333333333333 0.12890625 0.07708333333333334
1315 0.275390625 0.20416666666666666 0.09296875 0.05
4006 0.34453125 0.31875 0.04375 0.0375
4007 0.4796875 0.19166666666666668 0.0890625 0.04375
957 0.54609375 0.165625 0.0390625 0.01875
4008 0.565234375 0.19114583333333332 0.04921875 0.019791666666666666
4005 0.5140625 0.240625 0.0703125 0.00625
1315 0.518359375 0.26145833333333335 0.05390625 0.004166666666666667
4004 0.530859375 0.32135416666666666 0.10390625 0.009375
6 0.38359375 0.7208333333333333 0.0890625 0.035416666666666666
6 0.51171875 0.34739583333333335 0.0703125 0.011458333333333333
6 0.425390625 0.7520833333333333 0.12578125 0.03333333333333333
6 0.615234375 0.7723958333333333 0.04140625 0.030208333333333334
6 0.432421875 0.4921875 0.07890625 0.034375
6 0.70859375 0.496875 0.028125 0.03125
