1709 0.3402777777777778 0.51015625 0.1638888888888889 0.0
2001 0.34444444444444444 0.4859375 0.14444444444444443 0.0
5450 0.15 0.309375 0.10555555555555556 0.0
5451 0.7243055555555555 0.46328125 0.12361111111111112 0.0
628 0.7020833333333333 0.48828125 0.13472222222222222 0.0
93 0.7125 0.56171875 0.125 0.0
1643 0.4048611111111111 0.6765625 0.19305555555555556 0.0
127 0.6631944444444444 0.6765625 0.10416666666666667 0.0
494 0.6986111111111111 0.7296875 0.10555555555555556 0.0
1184 0.47291666666666665 0.73125 0.0763888888888889 0.0
153 0.5756944444444444 0.70390625 0.09305555555555556 0.0
3495 0.5576388888888889 0.678125 0.09305555555555556 0.0
5450 0.15902777777777777 0.521875 0.05694444444444444 0.0
482 0.6243055555555556 0.75546875 0.09027777777777778 0.0
142 0.6409722222222223 0.46328125 0.034722222222222224 0.0
4404 0.37430555555555556 0.734375 0.0875 0.0
5452 0.7340277777777777 0.5875 0.11805555555555555 0.0
580 0.27569444444444446 0.703125 0.10694444444444444 0.0
4518 0.45625 0.703125 0.12916666666666668 0.0
35 0.6520833333333333 0.584375 0.04861111111111111 0.0
4760 0.5840277777777778 0.73125 0.1125 0.0
1078 0.4 0.75625 0.10555555555555556 0.0
5453 0.2902777777777778 0.734375 0.06111111111111111 0.0
5447 0.5486111111111112 0.76015625 0.03611111111111111 0.0
2297 0.36666666666666664 0.70390625 0.06111111111111111 0.0
1635 0.44027777777777777 0.058984375 0.11666666666666667 0.00859375
215 0.5548611111111111 0.05546875 0.08194444444444444 0.0375
23 0.6555555555555556 0.076171875 0.08055555555555556 0.04140625
5454 0.5493055555555556 0.1109375 0.22916666666666666 0.0484375
1184 0.5416666666666666 0.192578125 0.24444444444444444 0.05859375
4760 0.5361111111111111 0.249609375 0.6416666666666667 0.03203125
723 0.49375 0.774609375 0.0625 0.02265625
5454 0.6722222222222223 0.80625 0.09722222222222222 0.0015625
6 0.34930555555555554 0.851953125 0.07083333333333333 0.02109375
1680 0.6506944444444445 0.833984375 0.0875 0.00859375
1999 0.7180555555555556 0.851171875 0.06111111111111111 0.01171875
923 0.6861111111111111 0.859765625 0.11944444444444445 0.02421875
5455 0.1486111111111111 0.7390625 0.03611111111111111 0.2734375
5447 0.6583333333333333 0.71640625 0.044444444444444446 0.0171875
714 0.7152777777777778 0.71484375 0.04722222222222222 0.0171875
730 0.7673611111111112 0.719921875 0.05138888888888889 0.02890625
6 0.05486111111111111 0.687890625 0.05416666666666667 0.04765625
