3967 0.09140625 0.4359375 0.0328125 0.0
6 0.562109375 0.8265625 0.04140625 0.0
3968 0.42734375 0.10625 0.0796875 0.0
1872 0.562109375 0.05703125 0.05390625 0.0
3969 0.5375 0.6109375 0.0359375 0.0
678 0.560546875 0.09609375 0.03828125 0.0
142 0.058984375 0.444140625 0.02265625 0.01796875
3970 0.078515625 0.46796875 0.06484375 0.01875
17 0.48984375 0.0390625 0.1828125 0.0203125
3971 0.432421875 0.08125 0.06484375 0.0140625
842 0.412890625 0.152734375 0.04921875 0.02109375
3972 0.56796875 0.146875 0.0375 0.0265625
3973 0.215234375 0.2609375 0.20546875 0.1078125
555 0.441015625 0.2671875 0.19296875 0.1234375
2332 0.725 0.26484375 0.31875 0.128125
3974 0.325 0.45390625 0.453125 0.15625
2 0.811328125 0.52421875 0.33671875 0.246875
17 0.12578125 0.607421875 0.1453125 0.04921875
3971 0.07578125 0.634765625 0.059375 0.02578125
1872 0.18125 0.6484375 0.0390625 0.0296875
3968 0.072265625 0.666015625 0.05234375 0.02578125
3972 0.18125 0.678515625 0.025 0.02265625
842 0.059765625 0.69296875 0.03515625 0.028125
3972 0.178515625 0.708984375 0.03359375 0.02421875
3975 0.91015625 0.69765625 0.1671875 0.0578125
3971 0.873046875 0.7296875 0.08203125 0.0296875
3968 0.86875 0.7703125 0.090625 0.0390625
842 0.846484375 0.80390625 0.05078125 0.028125
3974 0.569921875 0.55859375 0.11796875 0.0703125
3976 0.705078125 0.580078125 0.05078125 0.07578125
3977 0.515625 0.734765625 0.0578125 0.03984375
6 0.57265625 0.86796875 0.0984375 0.05
3978 0.23203125 0.76796875 0.1578125 0.09375
3979 0.446875 0.7953125 0.1765625 0.0984375
3980 0.743359375 0.84609375 0.29296875 0.140625
3981 0.330078125 0.54296875 0.00703125 0.1
6 0.67109375 0.708984375 0.071875 0.03515625
857 0.653125 0.644140625 0.03125 0.03203125
3982 0.695703125 0.646875 0.03671875 0.0328125
