3182 0.5072916666666667 0.1375 0.03125 0.0
6 0.809375 0.17578125 0.058333333333333334 0.0
3874 0.2421875 0.65625 0.06354166666666666 0.0359375
3875 0.24166666666666667 0.6765625 0.058333333333333334 0.0328125
3876 0.28072916666666664 0.41796875 0.04479166666666667 0.0203125
3875 0.26666666666666666 0.433203125 0.07291666666666667 0.02734375
2140 0.46458333333333335 0.572265625 0.05625 0.03359375
3877 0.615625 0.71640625 0.125 0.0
730 0.5822916666666667 0.633984375 0.029166666666666667 0.01484375
0 0.603125 0.61015625 0.035416666666666666 0.0015625
750 0.6453125 0.615625 0.03854166666666667 0.0390625
3878 0.6125 0.655078125 0.07291666666666667 0.00703125
359 0.6854166666666667 0.551171875 0.03333333333333333 0.01171875
6 0.4666666666666667 0.498828125 0.06041666666666667 0.02265625
