6 0.13333333333333333 0.9 0.175 0.0
6 0.1125 0.89375 0.15833333333333333 0.0
619 0.29375 0.3859375 0.12083333333333333 0.078125
3944 0.4895833333333333 0.3640625 0.2125 0.046875
217 0.66875 0.359375 0.07083333333333333 0.0625
2769 0.7645833333333333 0.425 0.029166666666666667 0.1125
2769 0.5104166666666666 0.575 0.42916666666666664 0.0375
2185 0.45625 0.6515625 0.17083333333333334 0.040625
621 0.61875 0.64375 0.12083333333333333 0.00625
6 0.6791666666666667 0.93125 0.39166666666666666 0.10625
6 0.53125 0.684375 0.19583333333333333 0.025
