4000 0.506640625 0.49453125 0.45703125 0.0
4001 0.937890625 0.39765625 0.07734375 0.0
2043 0.080078125 0.82109375 0.05703125 0.0
6 0.569140625 0.61484375 0.09765625 0.0
6 0.5171875 0.61328125 0.2203125 0.0
6 0.051953125 0.67109375 0.09140625 0.0
6 0.050390625 0.7625 0.03984375 0.0
3405 0.02734375 0.8171875 0.04375 0.0
6 0.0484375 0.59765625 0.0640625 0.0
6 0.05234375 0.62421875 0.0828125 0.0
6 0.064453125 0.73203125 0.03515625 0.0
4002 0.388671875 0.065625 0.23671875 0.0703125
748 0.65 0.09765625 0.2 0.13125
6 0.05859375 0.499609375 0.090625 0.01171875
6 0.060546875 0.55625 0.09296875 0.028125
6 0.94140625 0.623046875 0.08125 0.10859375
6 0.023046875 0.74453125 0.03203125 0.01875
