379 0.428125 0.16015625 0.203125 0.0
816 0.641796875 0.15234375 0.19296875 0.0
2578 0.034765625 0.47734375 0.06015625 0.0
3983 0.138671875 0.47265625 0.03984375 0.0
6 0.138671875 0.48984375 0.03359375 0.0
6 0.80390625 0.177734375 0.0703125 0.08671875
205 0.546484375 0.330859375 0.10078125 0.06328125
2983 0.65546875 0.337890625 0.065625 0.06484375
379 0.54921875 0.505078125 0.0796875 0.07421875
816 0.635546875 0.506640625 0.06171875 0.06484375
3984 0.566796875 0.596875 0.14140625 0.028125
862 0.540625 0.417578125 0.04375 0.00390625
3985 0.63828125 0.4203125 0.0375 0.040625
6 0.036328125 0.437890625 0.06015625 0.05390625
6 0.034765625 0.53125 0.06015625 0.0296875
