993 0.184765625 0.79375 0.06171875 0.0
2460 0.240234375 0.8145833333333333 0.03515625 0.0
2460 0.223828125 0.4359375 0.02734375 0.046875
3956 0.278515625 0.43802083333333336 0.05859375 0.06145833333333333
621 0.256640625 0.4984375 0.04765625 0.003125
6 0.533984375 0.178125 0.04453125 0.05625
1169 0.228515625 0.58125 0.14453125 0.1125
622 0.331640625 0.5765625 0.04765625 0.065625
127 0.211328125 0.6677083333333333 0.13828125 0.05416666666666667
217 0.3234375 0.6630208333333333 0.0828125 0.03854166666666667
621 0.202734375 0.7489583333333333 0.11328125 0.041666666666666664
3957 0.248828125 0.8036458333333333 0.05390625 0.019791666666666666
552 0.1921875 0.8291666666666667 0.0296875 0.01875
3956 0.282421875 0.8239583333333333 0.04296875 0.022916666666666665
