3869 0.5723958333333333 0.1875 0.153125 0.0
3870 0.4125 0.130859375 0.2 0.07421875
3871 0.6421875 0.13984375 0.18645833333333334 0.0953125
916 0.5229166666666667 0.227734375 0.3104166666666667 0.01484375
3872 0.8385416666666666 0.28984375 0.12291666666666666 0.090625
748 0.8588541666666667 0.4640625 0.10729166666666666 0.0671875
3617 0.4473958333333333 0.213671875 0.071875 0.05234375
6 0.5229166666666667 0.166015625 0.052083333333333336 0.02578125
6 0.4703125 0.87265625 0.057291666666666664 0.0421875
3873 0.8286458333333333 0.48984375 0.07604166666666666 0.0359375
