1225 0.443359375 0.341796875 0.07942708333333333 0.0
62 0.4446614583333333 0.32421875 0.053385416666666664 0.0
482 0.3209635416666667 0.15625 0.06380208333333333 0.046875
4136 0.4537760416666667 0.10888671875 0.20182291666666666 0.0185546875
633 0.5748697916666666 0.18310546875 0.009114583333333334 0.0849609375
4137 0.388671875 0.146484375 0.16015625 0.09375
313 0.453125 0.22119140625 0.1171875 0.0322265625
4138 0.4388020833333333 0.2783203125 0.28125 0.087890625
4139 0.4446614583333333 0.32861328125 0.17578125 0.0068359375
4140 0.3170572916666667 0.38818359375 0.022135416666666668 0.0791015625
1301 0.400390625 0.46337890625 0.07421875 0.0478515625
4136 0.5221354166666666 0.41162109375 0.10416666666666667 0.0966796875
