2020 0.353 0.31733333333333336 0.37 0.12266666666666666
1727 0.722 0.3 0.312 0.088
4179 0.524 0.46 0.388 0.136
4180 0.408 0.5786666666666667 0.432 0.15466666666666667
4181 0.775 0.588 0.222 0.07733333333333334
966 0.289 0.7026666666666667 0.118 0.056
2898 0.423 0.6973333333333334 0.098 0.06666666666666667
4182 0.605 0.7026666666666667 0.214 0.06133333333333333
1522 0.283 0.7653333333333333 0.062 0.058666666666666666
4183 0.366 0.7653333333333333 0.064 0.058666666666666666
4184 0.488 0.768 0.152 0.06933333333333333
4185 0.62 0.7653333333333333 0.068 0.064
4186 0.709 0.7586666666666667 0.082 0.06666666666666667
