6 0.24102564102564103 0.31634615384615383 0.11794871794871795 0.09807692307692308
5498 0.41602564102564105 0.2519230769230769 0.191025641025641 0.028846153846153848
5499 0.6044871794871794 0.2639423076923077 0.15512820512820513 0.04519230769230769
43 0.4807692307692308 0.3923076923076923 0.6538461538461539 0.11153846153846154
528 0.49166666666666664 0.4774038461538462 0.28846153846153844 0.03365384615384615
5500 0.5314102564102564 0.5802884615384616 0.5243589743589744 0.07211538461538461
5501 0.8980769230769231 0.2221153846153846 0.17307692307692307 0.021153846153846155
6 0.9282051282051282 0.28557692307692306 0.12307692307692308 0.015384615384615385
6 0.7256410256410256 0.6692307692307692 0.13333333333333333 0.09423076923076923
6 0.04230769230769231 0.4408653846153846 0.06923076923076923 0.03173076923076923
