4151 0.5034722222222222 0.21350762527233116 0.1423611111111111 0.0
102 0.6232638888888888 0.579520697167756 0.10069444444444445 0.0
3364 0.5703125 0.6492374727668845 0.07118055555555555 0.0
4152 0.3810763888888889 0.6339869281045751 0.078125 0.0
4153 0.5225694444444444 0.5773420479302832 0.0798611111111111 0.0
487 0.3142361111111111 0.6318082788671024 0.052083333333333336 0.0
4154 0.4548611111111111 0.6514161220043573 0.052083333333333336 0.0
2693 0.5034722222222222 0.6535947712418301 0.03819444444444445 0.0
377 0.4809027777777778 0.11220043572984749 0.125 0.02832244008714597
118 0.5546875 0.14161220043572983 0.005208333333333333 0.07407407407407407
4155 0.4965277777777778 0.4008714596949891 0.4479166666666667 0.28322440087145967
4151 0.3880208333333333 0.6034858387799564 0.16145833333333334 0.04357298474945534
1566 0.6493055555555556 0.664488017429194 0.034722222222222224 0.0392156862745098
6 0.1171875 0.9411764705882353 0.140625 0.05228758169934641
