4414 0.7037760416666666 0.5546875 0.07421875 0.0
3906 0.685546875 0.490234375 0.040364583333333336 0.0
4033 0.7649739583333334 0.5556640625 0.040364583333333336 0.0
6 0.720703125 0.517578125 0.06901041666666667 0.0
109 0.7259114583333334 0.4912109375 0.029947916666666668 0.0
4414 0.7213541666666666 0.40576171875 0.06770833333333333 0.0087890625
4414 0.7239583333333334 0.4755859375 0.1171875 0.0234375
4415 0.2799479166666667 0.083984375 0.3151041666666667 0.15625
4416 0.150390625 0.12646484375 0.27734375 0.1181640625
4417 0.4576822916666667 0.2041015625 0.045572916666666664 0.037109375
