4190 0.4954545454545455 0.3365617433414044 0.0890909090909091 0.0
4191 0.5863636363636363 0.6585956416464891 0.17636363636363636 0.0
4192 0.4445454545454545 0.6634382566585957 0.0890909090909091 0.0
453 0.36272727272727273 0.6682808716707022 0.06727272727272728 0.0
1876 0.3927272727272727 0.16343825665859565 0.06181818181818182 0.13317191283292978
3350 0.4572727272727273 0.4188861985472155 0.023636363636363636 0.053268765133171914
4193 0.47363636363636363 0.3353510895883777 0.10727272727272727 0.06053268765133172
667 0.5545454545454546 0.34019370460048426 0.02181818181818182 0.05084745762711865
2324 0.5327272727272727 0.4092009685230024 0.01818181818181818 0.048426150121065374
6 0.49636363636363634 0.5217917675544794 0.37454545454545457 0.04116222760290557
6 0.4990909090909091 0.6065375302663438 0.4672727272727273 0.0847457627118644
6 0.49636363636363634 0.7796610169491526 0.36727272727272725 0.09685230024213075
