4253 0.09140625 0.05790645879732739 0.03125 0.031180400890868598
1136 0.116015625 0.05679287305122494 0.01953125 0.028953229398663696
4254 0.10078125 0.11915367483296214 0.034375 0.042316258351893093
4255 0.103125 0.16146993318485522 0.0328125 0.028953229398663696
631 0.112890625 0.28507795100222716 0.02265625 0.026726057906458798
4253 0.18203125 0.061247216035634745 0.0328125 0.0334075723830735
1136 0.2046875 0.06904231625835189 0.015625 0.031180400890868598
4256 0.191015625 0.1291759465478842 0.04453125 0.044543429844097995
4253 0.255859375 0.07461024498886415 0.03046875 0.028953229398663696
1136 0.28046875 0.07906458797327394 0.0171875 0.042316258351893093
4256 0.264453125 0.13919821826280623 0.04140625 0.0334075723830735
1136 0.263671875 0.17260579064587972 0.02421875 0.028953229398663696
4253 0.344921875 0.08685968819599109 0.02890625 0.035634743875278395
1136 0.3671875 0.08797327394209355 0.0171875 0.0378619153674833
4257 0.352734375 0.14699331848552338 0.06171875 0.0400890868596882
1136 0.35546875 0.18040089086859687 0.025 0.035634743875278395
4258 0.443359375 0.133630289532294 0.03828125 0.0400890868596882
4254 0.43359375 0.20935412026726058 0.0234375 0.031180400890868598
4255 0.45546875 0.20824053452115812 0.021875 0.028953229398663696
4258 0.531640625 0.14253897550111358 0.03515625 0.035634743875278395
3514 0.530859375 0.21492204899777284 0.03203125 0.0378619153674833
66 0.53125 0.23608017817371937 0.04375 0.026726057906458798
4258 0.6109375 0.13474387527839643 0.0359375 0.0334075723830735
6 0.609375 0.20044543429844097 0.03125 0.035634743875278395
4258 0.68984375 0.14587973273942093 0.034375 0.0467706013363029
6 0.6890625 0.20155902004454343 0.0328125 0.028953229398663696
4258 0.76484375 0.16258351893095768 0.0421875 0.0400890868596882
988 0.758203125 0.21158129175946547 0.02734375 0.026726057906458798
1136 0.7796875 0.21269487750556793 0.021875 0.0378619153674833
4258 0.8546875 0.1759465478841871 0.0421875 0.035634743875278395
988 0.846484375 0.23162583518930957 0.02734375 0.026726057906458798
1136 0.868359375 0.23162583518930957 0.01171875 0.035634743875278395
311 0.75390625 0.2561247216035635 0.0390625 0.04899777282850779
988 0.771484375 0.2984409799554566 0.04140625 0.062360801781737196
4259 0.85390625 0.2728285077951002 0.053125 0.051224944320712694
4258 0.940234375 0.16703786191536749 0.03984375 0.0400890868596882
988 0.93203125 0.22383073496659242 0.0234375 0.0334075723830735
4260 0.93828125 0.2650334075723831 0.0625 0.04899777282850779
1946 0.93984375 0.3184855233853007 0.03125 0.044543429844097995
209 0.0125 0.37861915367483295 0.0140625 0.031180400890868598
209 0.127734375 0.39643652561247217 0.01328125 0.017817371937639197
209 0.214453125 0.3986636971046771 0.01640625 0.035634743875278395
6 0.2859375 0.3997772828507795 0.015625 0.0334075723830735
209 0.375390625 0.4064587973273942 0.01484375 0.0334075723830735
407 0.419140625 0.42538975501113585 0.01484375 0.035634743875278395
407 0.5078125 0.43207126948775054 0.0125 0.022271714922048998
407 0.58203125 0.4376391982182628 0.0140625 0.0334075723830735
407 0.662109375 0.4398663697104677 0.01328125 0.028953229398663696
4261 0.030078125 0.5478841870824054 0.02734375 0.0400890868596882
608 0.22265625 0.5579064587973274 0.0140625 0.0334075723830735
4261 0.256640625 0.5534521158129176 0.02109375 0.0334075723830735
4261 0.355859375 0.5512249443207127 0.02109375 0.0334075723830735
4262 0.459375 0.5556792873051225 0.021875 0.0334075723830735
608 0.515234375 0.5579064587973274 0.01015625 0.024498886414253896
4263 0.54453125 0.5601336302895323 0.0203125 0.024498886414253896
608 0.590625 0.5657015590200446 0.0109375 0.031180400890868598
4262 0.62109375 0.5623608017817372 0.0203125 0.028953229398663696
4264 0.025390625 0.7271714922048997 0.04921875 0.015590200445434299
4265 0.104296875 0.732739420935412 0.06328125 0.013363028953229399
4265 0.17109375 0.7383073496659243 0.0609375 0.0022271714922048997
4265 0.27265625 0.7394209354120267 0.0703125 0.017817371937639197
4265 0.365234375 0.7494432071269488 0.07265625 0.011135857461024499
4265 0.452734375 0.7405345211581291 0.06953125 0.0022271714922048997
4265 0.534375 0.732739420935412 0.0671875 0.004454342984409799
4265 0.6109375 0.7338530066815144 0.065625 0.0066815144766146995
4265 0.692578125 0.7305122494432071 0.06640625 0.0
4265 0.768359375 0.7383073496659243 0.06484375 0.0022271714922048997
4265 0.844921875 0.7316258351893096 0.06484375 0.0022271714922048997
4266 0.912890625 0.7316258351893096 0.05859375 0.0022271714922048997
4267 0.976953125 0.7260579064587973 0.04609375 0.004454342984409799
3514 0.017578125 0.7951002227171492 0.03359375 0.026726057906458798
4268 0.016015625 0.8273942093541202 0.02890625 0.028953229398663696
1136 0.039453125 0.8251670378619154 0.02265625 0.0334075723830735
3514 0.1125 0.7939866369710468 0.0328125 0.0378619153674833
66 0.103125 0.821826280623608 0.0453125 0.035634743875278395
4254 0.159765625 0.7917594654788419 0.02421875 0.0334075723830735
4255 0.176171875 0.799554565701559 0.02578125 0.044543429844097995
1136 0.168359375 0.8318485523385301 0.01953125 0.0334075723830735
1423 0.2765625 0.8040089086859689 0.0328125 0.031180400890868598
4256 0.267578125 0.8396436525612472 0.03671875 0.035634743875278395
1136 0.29375 0.8340757238307349 0.0203125 0.0334075723830735
4269 0.36875 0.8062360801781737 0.05 0.044543429844097995
1136 0.369921875 0.8418708240534521 0.02265625 0.031180400890868598
515 0.44375 0.799554565701559 0.025 0.035634743875278395
4255 0.468359375 0.7984409799554566 0.02890625 0.0378619153674833
1136 0.456640625 0.8307349665924276 0.01796875 0.035634743875278395
311 0.533203125 0.7917594654788419 0.02421875 0.0334075723830735
4270 0.534765625 0.8184855233853007 0.04453125 0.0334075723830735
4270 0.694140625 0.7928730512249443 0.03828125 0.035634743875278395
4271 0.677734375 0.8229398663697105 0.02578125 0.042316258351893093
4272 0.71171875 0.8195991091314031 0.0234375 0.035634743875278395
1802 0.7703125 0.7884187082405345 0.046875 0.035634743875278395
4273 0.775 0.8162583518930958 0.028125 0.0334075723830735
1636 0.843359375 0.7873051224944321 0.03046875 0.028953229398663696
4274 0.8484375 0.8151447661469933 0.0265625 0.0400890868596882
3510 0.917578125 0.7884187082405345 0.01953125 0.031180400890868598
4275 0.915234375 0.8140311804008908 0.03671875 0.0334075723830735
1136 0.914453125 0.8385300668151447 0.01640625 0.0334075723830735
4276 0.982421875 0.7884187082405345 0.03203125 0.026726057906458798
4277 0.980078125 0.811804008908686 0.03828125 0.028953229398663696
1136 0.984375 0.8351893095768375 0.0171875 0.035634743875278395
331 0.26875 0.8608017817371938 0.021875 0.0022271714922048997
311 0.6125 0.7906458797327395 0.0234375 0.031180400890868598
4278 0.61171875 0.8162583518930958 0.05 0.0378619153674833
4279 0.78046875 0.5623608017817372 0.021875 0.028953229398663696
4279 0.855078125 0.5645879732739421 0.02109375 0.0334075723830735
4279 0.92578125 0.5712694877505567 0.0234375 0.028953229398663696
4279 0.991015625 0.5657015590200446 0.01796875 0.0400890868596882
4280 0.287109375 0.8752783964365256 0.01953125 0.022271714922048998
331 0.359765625 0.8685968819599109 0.02109375 0.026726057906458798
4280 0.3796875 0.8674832962138085 0.01875 0.0200445434298441
331 0.447265625 0.8574610244988864 0.02109375 0.026726057906458798
4280 0.465234375 0.8585746102449888 0.01796875 0.0200445434298441
608 0.751953125 0.5623608017817372 0.01171875 0.0334075723830735
