4294 0.23515625 0.4909847434119279 0.0625 0.08044382801664356
2372 0.28203125 0.5957004160887656 0.05625 0.03744798890429958
608 0.195703125 0.6796116504854369 0.01953125 0.013869625520110958
618 0.2203125 0.7441054091539528 0.01875 0.004160887656033287
2365 0.233203125 0.7801664355062413 0.02734375 0.012482662968099861
2372 0.373046875 0.507628294036061 0.01484375 0.052704576976421634
4294 0.421875 0.630374479889043 0.0515625 0.07073509015256588
4295 0.359765625 0.739251040221914 0.02734375 0.011095700416088766
6 0.446875 0.5742024965325936 0.01875 0.008321775312066574
4295 0.458203125 0.602635228848821 0.02734375 0.018030513176144243
4294 0.5890625 0.12135922330097088 0.0640625 0.11234396671289876
2369 0.569140625 0.13384188626907073 0.04921875 0.10124826629680998
6 0.54140625 0.1608876560332871 0.0953125 0.1636615811373093
2372 0.6390625 0.2538141470180305 0.053125 0.027739251040221916
2372 0.75703125 0.09015256588072122 0.0546875 0.049930651872399444
4295 0.838671875 0.23370319001386963 0.02421875 0.026352288488210817
482 0.965234375 0.5679611650485437 0.03671875 0.056865464632454926
2371 0.9515625 0.5991678224687933 0.05625 0.08876560332871013
482 0.803515625 0.5963938973647711 0.06171875 0.1276005547850208
4296 0.790234375 0.6490984743411928 0.07109375 0.14424410540915394
2372 0.8875 0.6664355062413315 0.05625 0.10402219140083217
482 0.645703125 0.7018030513176144 0.01953125 0.11373092926490985
2371 0.627734375 0.746879334257975 0.07890625 0.14285714285714285
66 0.600390625 0.7274618585298197 0.03515625 0.056865464632454926
2369 0.625390625 0.7954230235783634 0.03359375 0.05131761442441054
6 0.6828125 0.9743411927877947 0.071875 0.05409153952843273
2867 0.7859375 0.9715672676837726 0.0421875 0.05131761442441054
482 0.897265625 0.9257975034674064 0.05703125 0.12343966712898752
4297 0.86953125 0.9091539528432733 0.0765625 0.18169209431345354
66 0.841015625 0.8647711511789181 0.03828125 0.07905686546463246
2369 0.86796875 0.9486823855755895 0.034375 0.06657420249653259
