3872 0.4524739583333333 0.28759765625 0.10546875 0.0830078125
748 0.5618489583333334 0.29541015625 0.07421875 0.0849609375
2878 0.4876302083333333 0.42529296875 0.02734375 0.0283203125
314 0.5358072916666666 0.39599609375 0.061197916666666664 0.0400390625
4177 0.6510416666666666 0.5478515625 0.15364583333333334 0.041015625
2194 0.6595052083333334 0.591796875 0.13671875 0.064453125
2919 0.658203125 0.6357421875 0.10546875 0.041015625
748 0.6634114583333334 0.73681640625 0.06640625 0.0263671875
4178 0.6907552083333334 0.81787109375 0.08984375 0.0458984375
6 0.050130208333333336 0.7705078125 0.07421875 0.052734375
6 0.3854166666666667 0.92724609375 0.09895833333333333 0.0146484375
6 0.478515625 0.92138671875 0.05078125 0.1494140625
6 0.328125 0.927734375 0.0234375 0.14453125
