5251 0.21041666666666667 0.184375 0.13125 0.0
5489 0.1796875 0.215625 0.234375 0.0
29 0.10364583333333334 0.18203125 0.053125 0.0
5489 0.4197916666666667 0.2390625 0.125 0.0
5489 0.34322916666666664 0.307421875 0.4010416666666667 0.01015625
5490 0.5046875 0.250390625 0.04479166666666667 0.01953125
5489 0.6625 0.269921875 0.008333333333333333 0.14609375
5491 0.7421875 0.19921875 0.12395833333333334 0.0171875
5492 0.828125 0.2328125 0.03125 0.0421875
120 0.803125 0.2875 0.041666666666666664 0.0140625
72 0.8541666666666666 0.280078125 0.05416666666666667 0.02265625
