5472 0.5633680555555556 0.23388671875 0.3420138888888889 0.0439453125
6 0.8689236111111112 0.24169921875 0.16145833333333334 0.0439453125
4888 0.4201388888888889 0.265625 0.0798611111111111 0.01953125
5473 0.5269097222222222 0.26806640625 0.13368055555555555 0.0205078125
1832 0.6623263888888888 0.26904296875 0.1371527777777778 0.0205078125
1329 0.3420138888888889 0.36962890625 0.2638888888888889 0.0361328125
5474 0.7109375 0.3828125 0.390625 0.056640625
5056 0.3802083333333333 0.50146484375 0.09375 0.0341796875
5475 0.6475694444444444 0.458984375 0.3958333333333333 0.001953125
626 0.5529513888888888 0.52490234375 0.11284722222222222 0.0224609375
5476 0.7595486111111112 0.505859375 0.296875 0.0078125
6 0.4600694444444444 0.69482421875 0.3541666666666667 0.0693359375
5477 0.03819444444444445 0.74462890625 0.052083333333333336 0.0830078125
5478 0.15625 0.810546875 0.07291666666666667 0.03125
1260 0.21354166666666666 0.82421875 0.041666666666666664 0.0234375
1563 0.3289930555555556 0.83837890625 0.1267361111111111 0.0361328125
5479 0.4435763888888889 0.85107421875 0.0954861111111111 0.0322265625
3614 0.5269097222222222 0.85888671875 0.050347222222222224 0.0283203125
5480 0.6050347222222222 0.8642578125 0.0954861111111111 0.029296875
1331 0.7274305555555556 0.87451171875 0.14930555555555555 0.0322265625
5481 0.2065972222222222 0.8466796875 0.1111111111111111 0.041015625
5475 0.3472222222222222 0.86376953125 0.1701388888888889 0.0439453125
2793 0.5269097222222222 0.8837890625 0.11284722222222222 0.033203125
5475 0.6770833333333334 0.8984375 0.1875 0.0390625
