4353 0.22375 0.5028142589118199 0.115 0.0
2552 0.655 0.5272045028142589 0.0525 0.0
66 0.294375 0.3893058161350844 0.17125 0.06566604127579738
67 0.456875 0.38367729831144465 0.10375 0.06191369606003752
68 0.588125 0.400562851782364 0.10625 0.06566604127579738
62 0.591875 0.5525328330206379 0.04125 0.03564727954971857
4354 0.44 0.5816135084427767 0.22 0.0075046904315197
1068 0.281875 0.6726078799249531 0.07125 0.11069418386491557
451 0.4975 0.6472795497185742 0.23 0.0450281425891182
6 0.348125 0.6960600375234521 0.02875 0.0675422138836773
6 0.893125 0.950281425891182 0.11375 0.03564727954971857
6 0.8925 0.8911819887429644 0.025 0.03377110694183865
377 0.22625 0.5637898686679175 0.115 0.028142589118198873
