4017 0.06728395061728396 0.03009259259259259 0.1271604938271605 0.041666666666666664
4450 0.03148148148148148 0.08101851851851852 0.05555555555555555 0.026851851851851852
727 0.05308641975308642 0.11388888888888889 0.1037037037037037 0.022222222222222223
993 0.06172839506172839 0.05740740740740741 0.07160493827160494 0.018518518518518517
4451 0.10987654320987654 0.059722222222222225 0.0345679012345679 0.013888888888888888
678 0.025308641975308643 0.2726851851851852 0.040740740740740744 0.03425925925925926
4452 0.03333333333333333 0.3074074074074074 0.05185185185185185 0.024074074074074074
4453 0.0654320987654321 0.524074074074074 0.07901234567901234 0.11851851851851852
1322 0.20246913580246914 0.8245370370370371 0.06172839506172839 0.008333333333333333
4454 0.13271604938271606 0.9120370370370371 0.1814814814814815 0.005555555555555556
4453 0.13950617283950617 0.9643518518518519 0.12345679012345678 0.023148148148148147
359 0.2617283950617284 0.3296296296296296 0.06172839506172839 0.003703703703703704
4455 0.3765432098765432 0.2884259259259259 0.15308641975308643 0.04722222222222222
252 0.5580246913580247 0.30462962962962964 0.1506172839506173 0.07962962962962963
20 0.37469135802469133 0.31712962962962965 0.050617283950617285 0.04351851851851852
627 0.4462962962962963 0.29212962962962963 0.07037037037037037 0.004629629629629629
0 0.5117283950617284 0.29768518518518516 0.04567901234567901 0.012037037037037037
4456 0.5611111111111111 0.33194444444444443 0.018518518518518517 0.041666666666666664
359 0.36790123456790125 0.37777777777777777 0.022222222222222223 0.03888888888888889
4457 0.4327160493827161 0.39861111111111114 0.1 0.025
3097 0.5135802469135803 0.38935185185185184 0.04691358024691358 0.03981481481481482
4455 0.3765432098765432 0.4476851851851852 0.13580246913580246 0.032407407407407406
252 0.5339506172839507 0.4583333333333333 0.15432098765432098 0.03333333333333333
4458 0.254320987654321 0.49953703703703706 0.11358024691358025 0.030555555555555555
584 0.37160493827160496 0.5041666666666667 0.0962962962962963 0.030555555555555555
4459 0.5166666666666667 0.5069444444444444 0.16666666666666666 0.025
1177 0.6697530864197531 0.512962962962963 0.11481481481481481 0.03148148148148148
4455 0.5598765432098766 0.5583333333333333 0.20864197530864198 0.03333333333333333
252 0.5611111111111111 0.5972222222222222 0.24074074074074073 0.03888888888888889
4460 0.34012345679012346 0.5851851851851851 0.06296296296296296 0.024074074074074074
3097 0.3808641975308642 0.5837962962962963 0.025925925925925925 0.023148148148148147
359 0.2660493827160494 0.6504629629629629 0.025925925925925925 0.017592592592592594
4457 0.3172839506172839 0.649074074074074 0.06419753086419754 0.018518518518518517
3097 0.3734567901234568 0.649537037037037 0.04814814814814815 0.013888888888888888
4461 0.945679012345679 0.35509259259259257 0.0962962962962963 0.008333333333333333
315 0.9450617283950618 0.3962962962962963 0.09753086419753086 0.025925925925925925
1526 0.48271604938271606 0.6805555555555556 0.08888888888888889 0.03333333333333333
4455 0.31296296296296294 0.6685185185185185 0.040740740740740744 0.014814814814814815
252 0.3697530864197531 0.6675925925925926 0.06296296296296296 0.016666666666666666
4462 0.29074074074074074 0.7074074074074074 0.04814814814814815 0.020370370370370372
4463 0.9345679012345679 0.44583333333333336 0.11851851851851852 0.025
252 0.9364197530864198 0.46111111111111114 0.12962962962962962 0.022222222222222223
802 0.6444444444444445 0.9462962962962963 0.08395061728395062 0.07037037037037037
4464 0.6635802469135802 0.8222222222222222 0.17160493827160495 0.027777777777777776
4465 0.8808641975308642 0.6560185185185186 0.09259259259259259 0.021296296296296296
315 0.9574074074074074 0.6574074074074074 0.05308641975308642 0.018518518518518517
4465 0.8759259259259259 0.6722222222222223 0.09012345679012346 0.016666666666666666
252 0.9481481481481482 0.6754629629629629 0.06172839506172839 0.01574074074074074
4466 0.9481481481481482 0.6921296296296297 0.06419753086419754 0.017592592592592594
4462 0.8679012345679012 0.7152777777777778 0.05185185185185185 0.025
4467 0.43765432098765433 0.7078703703703704 0.040740740740740744 0.019444444444444445
1902 0.47469135802469137 0.7097222222222223 0.025925925925925925 0.025
