1954 0.40478515625 0.4114583333333333 0.2333984375 0.0
3392 0.2568359375 0.2708333333333333 0.169921875 0.0
0 0.38818359375 0.3411458333333333 0.1279296875 0.0
36 0.2705078125 0.3463541666666667 0.080078125 0.0
2187 0.6142578125 0.2708333333333333 0.087890625 0.026041666666666668
1068 0.689453125 0.267578125 0.044921875 0.022135416666666668
3392 0.58203125 0.4309895833333333 0.041015625 0.0390625
36 0.61865234375 0.4713541666666667 0.0146484375 0.036458333333333336
0 0.6591796875 0.45703125 0.044921875 0.0078125
1954 0.70947265625 0.4329427083333333 0.0478515625 0.048177083333333336
