6 0.066 0.5041459369817579 0.116 0.0
116 0.473 0.9502487562189055 0.038 0.0
6 0.383 0.03648424543946932 0.746 0.05970149253731343
4429 0.585 0.3250414593698176 0.29 0.03980099502487562
212 0.506 0.5165837479270315 0.292 0.024875621890547265
120 0.23 0.5961857379767828 0.092 0.11442786069651742
2110 0.488 0.681592039800995 0.248 0.16583747927031509
4430 0.461 0.7893864013266998 0.282 0.10945273631840796
724 0.317 0.7844112769485904 0.134 0.2023217247097844
4431 0.428 0.8913764510779436 0.1 0.011608623548922056
215 0.574 0.8648424543946932 0.148 0.06135986733001658
4432 0.663 0.7048092868988391 0.002 0.21227197346600332
220 0.18 0.7927031509121062 0.02 0.029850746268656716
4433 0.223 0.8466003316749585 0.074 0.0812603648424544
1446 0.297 0.9079601990049752 0.082 0.03814262023217247
1702 0.362 0.9461028192371476 0.04 0.03814262023217247
3294 0.419 0.9643449419568823 0.054 0.03150912106135987
4434 0.547 0.9378109452736318 0.106 0.028192371475953566
577 0.636 0.9228855721393034 0.056 0.008291873963515755
215 0.673 0.8922056384742952 0.05 0.03648424543946932
443 0.725 0.8548922056384743 0.05 0.04145936981757877
4432 0.767 0.7868988391376451 0.034 0.07131011608623548
246 0.03 0.3540630182421227 0.04 0.03150912106135987
