4383 0.16139240506329114 0.248 0.0949367088607595 0.0
4384 0.16455696202531644 0.386 0.14873417721518986 0.0
4385 0.5102848101265823 0.292 0.1060126582278481 0.0
1596 0.16376582278481014 0.424 0.09335443037974683 0.0
56 0.49287974683544306 0.216 0.10284810126582279 0.0
4386 0.1661392405063291 0.49 0.1518987341772152 0.0
2267 0.6606012658227848 0.238 0.09651898734177215 0.0
66 0.16693037974683544 0.524 0.185126582278481 0.0
4387 0.16772151898734178 0.456 0.11392405063291139 0.0
60 0.43908227848101267 0.296 0.023734177215189875 0.0
633 0.8939873417721519 0.254 0.12974683544303797 0.0
2842 0.5878164556962026 0.258 0.04588607594936709 0.0
4388 0.15427215189873417 0.317 0.13449367088607594 0.01
4389 0.1550632911392405 0.598 0.16455696202531644 0.028
4390 0.4936708860759494 0.198 0.14873417721518986 0.04
6 0.3963607594936709 0.292 0.04272151898734177 0.068
6 0.7681962025316456 0.296 0.10284810126582279 0.032
1577 0.49683544303797467 0.27 0.1360759493670886 0.036
