4519 0.2444649446494465 0.324 0.06088560885608856 0.0
1511 0.3477859778597786 0.322 0.03874538745387454 0.0
4520 0.3062730627306273 0.322 0.04059040590405904 0.0
4521 0.2924354243542435 0.392 0.14575645756457564 0.0
2373 0.2924354243542435 0.578 0.1752767527675277 0.0
540 0.3081180811808118 0.36 0.04797047970479705 0.0
4522 0.4566420664206642 0.197 0.12730627306273062 0.022
4523 0.4446494464944649 0.259 0.08487084870848709 0.022
795 0.5009225092250923 0.232 0.07564575645756458 0.024
2371 0.6854243542435424 0.141 0.3118081180811808 0.01
2373 0.6845018450184502 0.17 0.2988929889298893 0.0
4524 0.6125461254612546 0.204 0.14022140221402213 0.024
4525 0.7527675276752768 0.198 0.14760147601476015 0.016
6 0.9105166051660517 0.205 0.13099630996309963 0.154
4526 0.26752767527675275 0.372 0.033210332103321034 0.024
6 0.2915129151291513 0.57 0.16236162361623616 0.032
