5544 0.572265625 0.5424200278164116 0.03828125 0.0
1567 0.28125 0.8623087621696801 0.0390625 0.0
6 0.255078125 0.8636995827538247 0.01015625 0.0
5545 0.734375 0.06675938803894298 0.0296875 0.07232267037552156
1575 0.7828125 0.07093184979137691 0.0484375 0.08066759388038942
3631 0.743359375 0.14673157162726008 0.02421875 0.05146036161335188
2042 0.7734375 0.16968011126564672 0.0265625 0.013908205841446454
633 0.791796875 0.13699582753824757 0.00859375 0.031988873435326845
5546 0.752734375 0.4325452016689847 0.08515625 0.013908205841446454
5547 0.758203125 0.4916550764951321 0.06015625 0.07093184979137691
331 0.758984375 0.6877607788595271 0.03671875 0.02086230876216968
5548 0.796484375 0.6863699582753825 0.02578125 0.02086230876216968
5443 0.7609375 0.7732962447844228 0.025 0.013908205841446454
2 0.791015625 0.7732962447844228 0.02265625 0.016689847009735744
5549 0.96953125 0.825452016689847 0.059375 0.07649513212795549
5544 0.59609375 0.6536856745479833 0.0234375 0.030598052851182198
5550 0.187890625 0.8796940194714882 0.05390625 0.02086230876216968
5551 0.151171875 0.9707927677329624 0.10390625 0.027816411682892908
5552 0.77109375 0.7357440890125174 0.0796875 0.030598052851182198
6 0.753125 0.5806675938803895 0.075 0.009735744089012517
6 0.252734375 0.4659248956884562 0.01328125 0.027816411682892908
6 0.023046875 0.5006954102920723 0.03515625 0.019471488178025034
