2756 0.2048611111111111 0.4072265625 0.13541666666666666 0.041015625
1999 0.3272569444444444 0.38427734375 0.09895833333333333 0.0068359375
4545 0.4722222222222222 0.392578125 0.1840277777777778 0.0234375
4546 0.6293402777777778 0.43212890625 0.11979166666666667 0.0498046875
4547 0.4661458333333333 0.86328125 0.3385416666666667 0.044921875
2756 0.40625 0.89501953125 0.19791666666666666 0.0439453125
1999 0.5824652777777778 0.9072265625 0.11979166666666667 0.025390625
4545 0.4088541666666667 0.921875 0.19270833333333334 0.04296875
4546 0.5963541666666666 0.93359375 0.16145833333333334 0.033203125
4548 0.9453125 0.93505859375 0.109375 0.0302734375
6 0.5972222222222222 0.98974609375 0.12152777777777778 0.0263671875
