4697 0.5064741035856574 0.39 0.3715139442231076 0.0
4698 0.8520916334661355 0.894 0.1205179282868526 0.0
4699 0.398406374501992 0.732 0.17729083665338646 0.0
2862 0.7375498007968128 0.89 0.10059760956175298 0.0
4700 0.1952191235059761 0.88 0.11752988047808766 0.0
4701 0.7211155378486056 0.74 0.14940239043824702 0.0
1003 0.44272908366533864 0.892 0.09063745019920319 0.0
4702 0.545816733067729 0.892 0.10159362549800798 0.0
1063 0.5388446215139442 0.738 0.09163346613545817 0.0
4703 0.8002988047808764 0.954 0.0647410358565737 0.0
34 0.6170318725099602 0.744 0.046812749003984064 0.0
4704 0.22609561752988047 0.94 0.06374501992031872 0.0
4705 0.49750996015936255 0.952 0.1145418326693227 0.0
220 0.5204183266932271 0.28 0.018924302788844622 0.0
4706 0.22609561752988047 0.447 0.13346613545816732 0.186
494 0.36703187250996017 0.304 0.11055776892430279 0.052
120 0.46962151394422313 0.267 0.05876494023904383 0.002
127 0.6140438247011952 0.294 0.1205179282868526 0.056
4707 0.7788844621513944 0.439 0.15737051792828685 0.21
217 0.41782868525896416 0.69 0.13047808764940239 0.052
722 0.601593625498008 0.7 0.1254980079681275 0.068
0 0.2704183266932271 0.782 0.06274900398406374 0.072
4708 0.28037848605577687 0.92 0.052788844621513946 0.056
