6 0.8701171875 0.8997395833333334 0.232421875 0.0
6 0.0556640625 0.22265625 0.091796875 0.0
6 0.16259765625 0.8645833333333334 0.2509765625 0.0
6 0.97021484375 0.5065104166666666 0.0517578125 0.0
6 0.15478515625 0.97265625 0.2294921875 0.049479166666666664
94 0.2255859375 0.24739583333333334 0.150390625 0.140625
2823 0.501953125 0.14908854166666666 0.330078125 0.014322916666666666
730 0.2861328125 0.7467447916666666 0.080078125 0.061197916666666664
1184 0.4326171875 0.810546875 0.169921875 0.04296875
4585 0.6630859375 0.7805989583333334 0.240234375 0.10807291666666667
