5538 0.6921052631578948 0.86 0.21929824561403508 0.0
5539 0.24035087719298245 0.866 0.1543859649122807 0.0
6 0.9771929824561404 0.45 0.03859649122807018 0.0
101 0.32456140350877194 0.818 0.0912280701754386 0.044
2079 0.42105263157894735 0.857 0.07719298245614035 0.014
1688 0.525438596491228 0.851 0.11754385964912281 0.026
101 0.9122807017543859 0.594 0.16842105263157894 0.032
6 0.09385964912280702 0.794 0.06842105263157895 0.252
6 0.1780701754385965 0.673 0.008771929824561403 0.126
2079 0.1324561403508772 0.793 0.012280701754385965 0.09
1688 0.07543859649122807 0.92 0.02456140350877193 0.144
