4518 0.3472222222222222 0.2046875 0.6416666666666667 0.0
1490 0.6277777777777778 0.29765625 0.6833333333333333 0.0
146 0.36041666666666666 0.15390625 0.10972222222222222 0.00625
147 0.4909722222222222 0.12265625 0.12916666666666668 0.0125
3091 0.6909722222222222 0.164453125 0.14583333333333334 0.06171875
147 0.7875 0.241796875 0.022222222222222223 0.06796875
146 0.18125 0.417578125 0.0125 0.06015625
147 0.27152777777777776 0.456640625 0.08472222222222223 0.03515625
3091 0.45625 0.5 0.1736111111111111 0.0046875
147 0.6090277777777777 0.4875 0.09305555555555556 0.021875
