6 0.6072727272727273 0.965893587994543 0.16 0.0
5540 0.41363636363636364 0.37789904502046384 0.1290909090909091 0.008185538881309686
5541 0.5663636363636364 0.34447476125511595 0.12545454545454546 0.009549795361527967
1064 0.4445454545454545 0.6111869031377899 0.17636363636363636 0.06821282401091405
1065 0.5981818181818181 0.5886766712141883 0.10545454545454545 0.08594815825375171
5542 0.6127272727272727 0.946793997271487 0.12727272727272726 0.04638472032742155
5543 0.8809090909090909 0.9522510231923602 0.18363636363636363 0.04365620736698499
4366 0.8209090909090909 0.9829467939972715 0.07818181818181819 0.015006821282401092
6 0.8945454545454545 0.985675306957708 0.04 0.0286493860845839
6 0.025454545454545455 0.9815825375170532 0.04 0.034106412005457026
