4391 0.1003125 0.3904166666666667 0.193125 0.19083333333333333
4534 0.3140625 0.2554166666666667 0.113125 0.034166666666666665
4535 0.47625 0.24291666666666667 0.1375 0.019166666666666665
4392 0.719375 0.35291666666666666 0.24 0.16916666666666666
347 0.8784375 0.5241666666666667 0.025625 0.10666666666666667
12 0.95625 0.6279166666666667 0.05 0.09416666666666666
6 0.60375 0.42 0.09875 0.075
4635 0.5371875 0.49083333333333334 0.018125 0.025
373 0.425 0.5504166666666667 0.01875 0.024166666666666666
653 0.7834375 0.6066666666666667 0.020625 0.018333333333333333
1876 0.8646875 0.5783333333333334 0.016875 0.025
