5553 0.7193732193732194 0.506 0.08547008547008547 0.0
5554 0.30128205128205127 0.368 0.14387464387464388 0.0
339 0.4650997150997151 0.366 0.16096866096866097 0.0
340 0.6346153846153846 0.368 0.14387464387464388 0.0
5555 0.26424501424501423 0.528 0.14387464387464388 0.0
5556 0.24216524216524216 0.496 0.10826210826210826 0.0
5557 0.46794871794871795 0.304 0.25213675213675213 0.0
5558 0.5185185185185185 0.428 0.07407407407407407 0.0
250 0.4131054131054131 0.428 0.09116809116809117 0.0
6 0.6581196581196581 0.506 0.02564102564102564 0.0
34 0.3311965811965812 0.5 0.03276353276353276 0.0
6 0.49216524216524216 0.084 0.0868945868945869 0.0
1246 0.24643874643874644 0.188 0.2962962962962963 0.176
1365 0.7143874643874644 0.208 0.28917378917378916 0.236
6 0.4700854700854701 0.96 0.2849002849002849 0.044
